Check_RUWE-result.ecsv
# %ECSV 1.0
# ---
# delimiter: ','
# datatype:
# -
#   name: source_id
#   datatype: int64
#   description: Unique source identifier (unique within a particular Data Release)
#   meta:
#     ucd: meta.id
# -
#   name: ra
#   datatype: float64
#   unit: deg
#   description: Right ascension
#   meta:
#     ucd: pos.eq.ra;meta.main
#     utype: stc:AstroCoords.Position3D.Value3.C1
#     CoosysSystem: ICRS
#     CoosysEpoch: J2016.0
# -
#   name: ra_error
#   datatype: float32
#   unit: mas
#   description: Standard error of right ascension
#   meta:
#     ucd: stat.error;pos.eq.ra
#     utype: stc:AstroCoords.Position3D.Error3.C1
# -
#   name: dec
#   datatype: float64
#   unit: deg
#   description: Declination
#   meta:
#     ucd: pos.eq.dec;meta.main
#     utype: stc:AstroCoords.Position3D.Value3.C2
#     CoosysSystem: ICRS
#     CoosysEpoch: J2016.0
# -
#   name: dec_error
#   datatype: float32
#   unit: mas
#   description: Standard error of declination
#   meta:
#     ucd: stat.error;pos.eq.dec
#     utype: stc:AstroCoords.Position3D.Error3.C2
# -
#   name: pmra
#   datatype: float64
#   unit: mas.yr**-1
#   description: Proper motion in right ascension direction
#   meta:
#     ucd: pos.pm;pos.eq.ra
#     utype: stc:AstroCoords.Velocity3D.Value3.C1
# -
#   name: pmra_error
#   datatype: float32
#   unit: mas.yr**-1
#   description: Standard error of proper motion in right ascension direction
#   meta:
#     ucd: stat.error;pos.pm;pos.eq.ra
#     utype: stc:AstroCoords.Velocity3D.Error3.C1
# -
#   name: pmdec
#   datatype: float64
#   unit: mas.yr**-1
#   description: Proper motion in declination direction
#   meta:
#     ucd: pos.pm;pos.eq.dec
#     utype: stc:AstroCoords.Velocity3D.Value3.C2
# -
#   name: pmdec_error
#   datatype: float32
#   unit: mas.yr**-1
#   description: Standard error of proper motion in declination direction
#   meta:
#     ucd: stat.error;pos.pm;pos.eq.dec
#     utype: stc:AstroCoords.Velocity3D.Error3.C2
# -
#   name: ruwe
#   datatype: float32
#   description: Renormalised unit weight error
#   meta:
#     ucd: stat.error
# -
#   name: parallax
#   datatype: float64
#   unit: mas
#   description: Parallax
#   meta:
#     ucd: pos.parallax.trig
# -
#   name: parallax_error
#   datatype: float32
#   unit: mas
#   description: Standard error of parallax
#   meta:
#     ucd: stat.error;pos.parallax.trig
# -
#   name: radial_velocity
#   datatype: float32
#   unit: km.s**-1
#   description: Radial velocity
#   meta:
#     ucd: spect.dopplerVeloc.opt;em.opt.I
#     utype: stc:AstroCoords.Velocity3D.Value3.C3
# -
#   name: radial_velocity_error
#   datatype: float32
#   unit: km.s**-1
#   description: Radial velocity error
#   meta:
#     ucd: stat.error;spect.dopplerVeloc.opt;em.opt.I
#     utype: stc:AstroCoords.Velocity3D.Error3.C3
# -
#   name: phot_g_mean_mag
#   datatype: float32
#   unit: mag
#   description: G-band mean magnitude
#   meta:
#     ucd: phot.mag;em.opt
# -
#   name: l
#   datatype: float64
#   unit: deg
#   description: Galactic longitude
#   meta:
#     ucd: pos.galactic.lon
#     utype: stc:AstroCoords.Position2D.Value2.C1
# -
#   name: b
#   datatype: float64
#   unit: deg
#   description: Galactic latitude
#   meta:
#     ucd: pos.galactic.lat
#     utype: stc:AstroCoords.Position2D.Value2.C2
# -
#   name: phot_bp_mean_mag
[...]
#   JOBID: 1729514614140O
#   JOBNAME: Check_RUWE
#   RELEASE: Gaia DR3
source_id,ra,ra_error,dec,dec_error,pmra,pmra_error,pmdec,pmdec_error,ruwe,parallax,parallax_error,radial_velocity,radial_velocity_error,phot_g_mean_mag,l,b,phot_bp_mean_mag,phot_rp_mean_mag,bp_rp
[from data line 60]
4323316622779495680,292.48292610722393,0.6488324,18.310605976333413,0.79013765,-3.0917860808492414,0.82213086,-4.182762112022142,1.0411578,1.2353994,0.24756403594072215,0.8005983,nan,nan,20.314127,53.54007422452243,0.11502218303520666,21.717018,18.780445,2.936573
5255509901121774976,154.7315592681715,0.009345571,-58.94609420856299,0.0094385855,-6.454306520313594,0.013439312,2.256007949459996,0.0133516,1.0169373,0.2273178405234294,0.010232987,nan,nan,12.269231,284.351776705235,-1.6900802660463154,12.882478,11.495986,1.3864918
5258414192353423360,152.4456445370427,0.011654465,-58.2932074753388,0.011160533,-4.701857427618813,0.016455015,3.558790662627249,0.014097332,1.1141967,0.24250163068236905,0.013183098,nan,nan,13.877196,283.0000248080038,-1.8216728103108153,15.243159,12.732806,2.510353
5259009543533179648,152.54941599149674,0.06864461,-56.925542470323926,0.064040594,-5.503265271921807,0.094429664,3.098041592670957,0.08127795,1.0070009,0.13270256636563818,0.07499073,nan,nan,17.193579,282.2567770691186,-0.6721253252335401,19.811674,15.739238,4.0724363
5311384333263075840,136.27840443491405,0.009726454,-53.505413083748714,0.010898681,-1.995531794135815,0.012393113,2.273291749425569,0.013684997,0.98797125,0.053045683314559514,0.011596192,nan,nan,13.145346,273.07612343985846,-4.303878231912306,13.324261,12.798444,0.5258169
5334823859608495104,177.0000300154924,0.014049242,-62.20691022592309,0.014256695,-6.226013692435175,0.017029768,1.598218529604734,0.017916959,0.8522262,0.47542377023483023,0.01743682,nan,nan,8.652682,295.61107854733706,-0.2402410763337492,8.823288,8.294997,0.52829075
5334851450481641088,176.86894042633617,0.0075419685,-61.953719225831875,0.008998829,-6.225580251990721,0.010414293,2.361537685037365,0.011920752,0.9006639,0.12669559944899778,0.010234012,nan,nan,12.255294,295.48972809721556,-0.00970401441105653,13.309616,11.227763,2.081853
5335021664274920576,176.00117181802423,0.023631783,-61.126795789105415,0.023798974,-6.130315247346068,0.030184122,1.1461885127380793,0.029255215,1.044242,0.060132182238807716,0.030839093,nan,nan,15.658426,294.8814099586126,0.6865272933094553,16.658215,14.656919,2.001296
5336957010898124160,170.23817252151974,0.008774158,-61.91670671055608,0.009544741,-5.421032061547652,0.012438164,1.3700031073878873,0.011767985,0.8824551,0.32925822598102933,0.011463728,nan,nan,11.589363,292.49852714674694,-0.8918067117070271,12.270934,10.759902,1.5110321
5337498593446516480,170.3128552789008,0.0116339,-60.62377582639316,0.011172204,-3.1209129957983794,0.01547511,2.330598792606723,0.014011557,1.0207037,0.13871924869678548,0.013698278,nan,nan,12.878897,292.0903279139249,0.335524560942848,13.621291,12.012523,1.6087685
5337747731560719616,166.80799982116994,0.023083717,-59.873098173924156,0.022529118,-6.7477737898981545,0.030055417,1.6925460968331725,0.026946513,1.2239705,0.3109803269843485,0.028121255,nan,nan,7.3490963,290.1972529576185,0.39692810345244367,7.4183507,7.1577163,0.26063442
5339047221168787712,170.44505383091672,0.009735329,-59.863312990570876,0.0107302265,-5.147241767253173,0.012345709,2.7268984561761798,0.012649059,0.9135584,0.12325602732129044,0.012327695,-0.19622527,3.0971024,9.770652,291.89319671567364,1.0729211412351414,10.125702,9.215527,0.9101753
5352018121173519488,159.39709263439522,0.0146145085,-56.79883928571816,0.014147088,-6.305023559868493,0.020627473,3.010388342465066,0.017781056,0.9131253,0.17114291438872625,0.016216172,nan,nan,11.243227,285.35268291005445,1.4334820988232282,11.551794,10.743039,0.8087549
5489434710755238400,116.84823636345111,0.019268481,-53.33241280861758,0.019994378,-4.572287408504343,0.026735246,8.529878580408521,0.027567392,0.9104183,1.535976400998095,0.021055767,nan,nan,7.5379996,266.31257503013796,-13.725848442105406,7.550222,7.456184,0.09403801
5522306019626566528,130.19908438921945,0.014169507,-45.05837165994448,0.014210079,-7.464653413182444,0.0196477,6.099610861089923,0.019253623,0.88082063,0.4429759908963025,0.01678688,nan,nan,7.4521995,264.04051237077897,-1.9501445659540533,7.564453,7.191624,0.37282896
5523448274762133632,128.97912882722233,0.171102,-43.18817694763869,0.20810565,-3.2351680552501723,0.21527673,3.755222188875436,0.26560774,1.1324434,1.1050151125315832,0.21692209,nan,nan,19.15114,262.0214486478775,-1.5126596233097207,20.697336,17.984554,2.712782
5541793213959987968,126.55687950869762,0.006468712,-37.61995049188073,0.008861868,-2.366630185963856,0.009066156,3.176985708597615,0.012535782,0.8947583,0.17771276386803697,0.009650821,nan,nan,12.163067,256.43820623625,0.2851841027796363,12.60049,11.526553,1.0739365
5548261400354128768,123.11814876922769,0.007459855,-31.247806699969043,0.009957176,-1.4554830142325375,0.011349086,2.1457195379781027,0.015747113,1.0489203,0.1183688553388317,0.012262127,nan,nan,12.421294,249.5781999270527,1.5428153761569166,12.635215,12.046221,0.588994
5597252305589385984,118.9270218136784,0.008715487,-29.56485835566189,0.011557717,-2.6535157466287824,0.01131053,2.8924892487229927,0.01453928,1.0933274,0.2853833665183818,0.013910516,nan,nan,9.938587,246.22557061032848,-0.6151217581350775,10.271199,9.411093,0.86010647
5613494119551805184,112.2232407535484,0.009049844,-26.108019042809907,0.013213437,-0.8809603649723696,0.012074854,1.7852555092114903,0.018278498,1.1873399,0.09575911638808286,0.017103935,nan,nan,11.602206,240.28158025228282,-4.050429451500062,11.893285,11.109305,0.7839794
5620657678322625920,135.5285587975077,0.010860206,-40.55465296117549,0.012674867,-4.822178071668092,0.014743776,9.281733055172943,0.016233241,0.8801971,0.49623999190934365,0.015160984,nan,nan,6.7351284,263.0582466143229,3.9298644181968547,6.997068,6.2766123,0.72045565
5837600152935767680,189.81024184279624,0.022242656,-75.37063019320797,0.025701178,-27.34027789422274,0.03373579,-8.934340817354846,0.039839108,1.0418177,4.77404346153494,0.027307842,nan,nan,6.5432286,302.1433834138259,-12.517557655267781,6.5555987,6.3947806,0.1608181
5854175187680510336,215.3014007027238,0.044552036,-62.698879401723076,0.07053145,-6.425947989496359,0.057244178,-4.332038707619241,0.09649991,1.062129,-0.02201005154412218,0.10595281,nan,nan,17.756834,313.0200507368387,-1.5986266459253018,nan,nan,nan
5862285700835092352,195.49460523930014,0.059946265,-63.96912167623403,0.06522805,-6.287527903127519,0.076258466,-0.5842041216372096,0.0920886,1.0869733,0.07560265052473944,0.0842075,nan,nan,17.306694,304.08825128367016,-1.1210396150921411,19.536026,15.889301,3.6467247
5862299960127967488,195.69848851536304,0.008934321,-63.83573123376698,0.009974834,-7.092820662863646,0.011759594,-0.34195092640087815,0.014234628,0.981228,0.44344477764993895,0.013309076,nan,nan,9.632835,304.18354481654586,-0.9915822428813386,10.15393,8.913,1.2409296
5862928537183584768,191.0157861157054,0.015005238,-63.375599072405734,0.017929679,-6.357054767364532,0.019444756,-0.2978005899292986,0.025250511,1.0605111,0.12335544015674202,0.022185102,nan,nan,15.082145,302.1057677991692,-0.5156795553002121,16.729795,13.848138,2.8816576
5863533199843070208,195.3211964950643,0.008986629,-61.601844813228226,0.010867294,-4.340692264055244,0.012104981,-0.236113209203886,0.015209818,1.0172129,0.5395135891716509,0.014079693,nan,nan,12.647679,304.10270102486777,1.247518814190948,13.952112,11.519385,2.4327269
5864664975280537728,206.63566597037007,0.016893605,-62.923386961743525,0.019583695,-4.748743831187859,0.021524154,-2.2605365882845696,0.023262644,0.9463874,0.6054838801046949,0.028642012,nan,nan,8.518085,309.15505830063836,-0.7193551134314897,8.513863,8.429379,0.08448315
5878377736381364608,218.28465330128793,0.06372292,-61.26107376019224,0.085314505,-7.246886900314591,0.10686461,-3.983080511175255,0.13409805,0.9715883,0.41530307188623306,0.115804724,nan,nan,17.964556,314.8462828689717,-0.7642267023265309,19.507187,16.783253,2.7239342
5882543824607819776,236.02135471814512,0.23264913,-56.76187017074616,0.21859543,-4.167843287744988,0.3054323,-2.6135336595940055,0.28812435,1.0827516,-0.3558469877940469,0.3054493,nan,nan,nan,324.9605894142377,-1.4644638526861036,nan,17.348938,nan
5883218164517055488,230.1701764075732,0.10015207,-57.166742166539116,0.100981474,-5.549152942694518,0.13267566,-4.07252990135312,0.15664493,1.014698,-0.2599981143064274,0.13540778,nan,nan,17.775951,322.1184786573702,0.03771540102283994,20.04834,16.051708,3.9966316
5884544931471259136,238.59067450082784,0.012693593,-55.32898953059539,0.010471327,-3.1236747705391017,0.019842379,-3.2225953484639502,0.015759258,0.92971206,0.7315774313408016,0.017946968,nan,nan,8.689341,326.97622424510917,-1.2387208767966702,9.026089,8.127618,0.8984709
5886085557746480000,235.59729827776863,0.010904525,-52.38601199162066,0.009432026,-6.710645355390543,0.014753926,-4.110864296804368,0.013893897,0.98579085,0.12795944829063383,0.015252326,nan,nan,13.16374,327.4196587377088,2.1637003432777564,14.553851,12.017059,2.5367918
5933976985766949376,246.65214511693458,0.030918632,-51.94184815729851,0.02216208,-2.8563373848377083,0.040688593,-3.332145349614718,0.031517975,0.98942035,0.050120353494249176,0.038363397,nan,nan,15.729032,332.7809871369111,-2.0027078877075377,16.68086,14.752704,1.9281569
5934776158877214848,245.19273371546788,0.037520196,-51.501706020142436,0.026348773,-4.882473484444853,0.053891398,-6.022015388741489,0.040390864,0.9744913,-0.010569136880923879,0.046343684,38.790638,4.938201,14.783707,332.45890500811436,-1.0501486044356771,17.447535,13.340123,4.1074114
5935509395659726592,244.8840954475876,0.042187918,-49.741826170029775,0.025050579,-0.18399109215839704,0.061670695,-0.5449229720233741,0.043932315,1.0523932,0.35882505488809213,0.05053074,nan,nan,16.373215,333.5570067316641,0.3390169216079117,17.096458,15.512847,1.5836115
5940285090075838848,249.3055346035613,0.39509785,-50.72612789595593,0.28241113,0.6277619355737372,0.55667096,-4.122424253903569,0.38987854,1.0749093,1.6914701245789092,0.54304796,nan,nan,19.783175,334.8023923852234,-2.383834775954468,20.951519,18.583153,2.3683662
5940576971716473344,248.16638484576487,0.041116662,-49.70382899144433,0.026625697,-4.769279217690786,0.05356946,-6.12018935660893,0.037084665,0.9996998,-0.07756767678732146,0.050241254,nan,nan,12.820149,335.06347356705464,-1.1557122758724598,15.312695,11.378886,3.9338083
5940777877435137024,247.95125817288326,0.13132824,-48.81687706740887,0.0885178,-4.366133479593785,0.1887052,-5.774239370792024,0.13030249,1.3702159,-0.21289890902543765,0.178002,nan,nan,17.139793,335.6159688973277,-0.44775360639278583,21.760798,15.382354,6.3784437
5943166184173519744,250.46160612338068,1.3305343,-45.540403360519775,0.65422994,-8.551346793903136,1.7982253,-5.318919221188635,1.1888338,1.2369748,0.9562030181651716,1.0759587,nan,nan,20.419172,339.18890175141337,0.4889589642760968,21.689827,18.734789,2.955038
5943246345430928512,251.64690161252628,0.015588409,-45.11796081034128,0.010345971,-1.7593910230172454,0.021738498,-3.0641449978293434,0.016207684,1.0900444,0.29609864232667726,0.01728741,nan,nan,13.484344,340.0535299011336,0.13502926660407388,14.956766,12.313041,2.6437254
5966213219190201856,255.105188622121,0.020666698,-42.31675095154189,0.014143427,1.1808321110237392,0.02952356,-1.4697065617940481,0.023353279,1.0234807,0.6405461879152953,0.022926293,nan,nan,8.707157,343.8034017764549,-0.029940309902722347,9.097729,8.094566,1.0031624
5976382915813535232,255.9865659301791,0.021049444,-37.8441202722809,0.012138224,2.4137032635492046,0.02806476,5.021949969731823,0.021347089,0.8081919,0.6327358617075665,0.025948899,nan,nan,6.4204698,347.75444710988126,2.173492429913019,6.5759535,6.0885863,0.48736715
5980409632300781056,260.0246347466105,0.14206049,-31.283210647628042,0.09625773,-4.450374129916061,0.16434164,-4.677040280971733,0.11456925,0.99185634,-0.05451144161879737,0.16020228,nan,nan,17.91213,355.0221182281025,3.3474131126407536,20.115522,16.507015,3.6085072
6053076566300433920,183.31156879290245,0.012357388,-64.87513252303748,0.015193149,-5.95305662663964,0.015885808,0.449629791184431,0.020752924,1.3103513,0.26448691327892004,0.01766936,nan,nan,13.976889,298.89007133029565,-2.303521643360621,14.39801,13.351908,1.0461025
6054569565614460800,186.65645139154256,0.012048252,-62.77035949368261,0.013341482,-5.226856654124623,0.015758464,-2.0707848986747575,0.018766105,0.9085312,0.25062115141915803,0.015989607,nan,nan,9.751056,300.0980601666885,-0.03521279949727996,11.023402,8.626958,2.3964443
6054778507172454912,188.50210227953616,0.045904923,-61.71761859192175,0.046307925,-5.117225288166624,0.05603682,0.9981333214208672,0.059727617,1.0551469,0.013984799250916106,0.06126882,nan,nan,16.240847,300.868492644533,1.084281380369064,19.313553,14.732504,4.581049
6055103928246312960,190.70931703328822,0.052880954,-63.05864217078729,0.05445249,-12.857201869803877,0.06959402,-3.6770768880918028,0.074046545,1.0903597,2.282573124548697,0.07652348,nan,nan,5.1368504,301.9579033881775,-0.2031588592223847,5.317963,4.793645,0.5243182
6060547335455660032,193.6534512999999,0.06200558,-57.168711407421895,0.080002375,-28.38602111310031,0.08820657,-10.446722229219034,0.11208842,1.2697036,8.266773469896965,0.116963275,nan,nan,5.1472073,303.3645146851053,5.700370988443033,5.079194,5.1973467,-0.11815262
