Check_RUWE-result.ecsv
# %ECSV 1.0
# ---
# delimiter: ','
# datatype:
# -
#   name: source_id
#   datatype: int64
#   description: Unique source identifier (unique within a particular Data Release)
#   meta:
#     ucd: meta.id
# -
#   name: ra
#   datatype: float64
#   unit: deg
#   description: Right ascension
#   meta:
#     ucd: pos.eq.ra;meta.main
#     utype: stc:AstroCoords.Position3D.Value3.C1
#     CoosysSystem: ICRS
#     CoosysEpoch: J2016.0
# -
#   name: ra_error
#   datatype: float32
#   unit: mas
#   description: Standard error of right ascension
#   meta:
#     ucd: stat.error;pos.eq.ra
#     utype: stc:AstroCoords.Position3D.Error3.C1
# -
#   name: dec
#   datatype: float64
#   unit: deg
#   description: Declination
#   meta:
#     ucd: pos.eq.dec;meta.main
#     utype: stc:AstroCoords.Position3D.Value3.C2
#     CoosysSystem: ICRS
#     CoosysEpoch: J2016.0
# -
#   name: dec_error
#   datatype: float32
#   unit: mas
#   description: Standard error of declination
#   meta:
#     ucd: stat.error;pos.eq.dec
#     utype: stc:AstroCoords.Position3D.Error3.C2
# -
#   name: pmra
#   datatype: float64
#   unit: mas.yr**-1
#   description: Proper motion in right ascension direction
#   meta:
#     ucd: pos.pm;pos.eq.ra
#     utype: stc:AstroCoords.Velocity3D.Value3.C1
# -
#   name: pmra_error
#   datatype: float32
#   unit: mas.yr**-1
#   description: Standard error of proper motion in right ascension direction
#   meta:
#     ucd: stat.error;pos.pm;pos.eq.ra
#     utype: stc:AstroCoords.Velocity3D.Error3.C1
# -
#   name: pmdec
#   datatype: float64
#   unit: mas.yr**-1
#   description: Proper motion in declination direction
#   meta:
#     ucd: pos.pm;pos.eq.dec
#     utype: stc:AstroCoords.Velocity3D.Value3.C2
# -
#   name: pmdec_error
#   datatype: float32
#   unit: mas.yr**-1
#   description: Standard error of proper motion in declination direction
#   meta:
#     ucd: stat.error;pos.pm;pos.eq.dec
#     utype: stc:AstroCoords.Velocity3D.Error3.C2
# -
#   name: ruwe
#   datatype: float32
#   description: Renormalised unit weight error
#   meta:
#     ucd: stat.error
# -
#   name: parallax
#   datatype: float64
#   unit: mas
#   description: Parallax
#   meta:
#     ucd: pos.parallax.trig
# -
#   name: parallax_error
#   datatype: float32
#   unit: mas
#   description: Standard error of parallax
#   meta:
#     ucd: stat.error;pos.parallax.trig
# -
#   name: radial_velocity
#   datatype: float32
#   unit: km.s**-1
#   description: Radial velocity
#   meta:
#     ucd: spect.dopplerVeloc.opt;em.opt.I
#     utype: stc:AstroCoords.Velocity3D.Value3.C3
# -
#   name: radial_velocity_error
#   datatype: float32
#   unit: km.s**-1
#   description: Radial velocity error
#   meta:
#     ucd: stat.error;spect.dopplerVeloc.opt;em.opt.I
#     utype: stc:AstroCoords.Velocity3D.Error3.C3
# -
#   name: phot_g_mean_mag
#   datatype: float32
#   unit: mag
#   description: G-band mean magnitude
#   meta:
#     ucd: phot.mag;em.opt
# -
#   name: l
#   datatype: float64
#   unit: deg
#   description: Galactic longitude
#   meta:
#     ucd: pos.galactic.lon
#     utype: stc:AstroCoords.Position2D.Value2.C1
# -
#   name: b
#   datatype: float64
#   unit: deg
#   description: Galactic latitude
#   meta:
#     ucd: pos.galactic.lat
#     utype: stc:AstroCoords.Position2D.Value2.C2
# -
#   name: phot_bp_mean_mag
[...]
#   JOBID: 1729514614140O
#   JOBNAME: Check_RUWE
#   RELEASE: Gaia DR3
source_id,ra,ra_error,dec,dec_error,pmra,pmra_error,pmdec,pmdec_error,ruwe,parallax,parallax_error,radial_velocity,radial_velocity_error,phot_g_mean_mag,l,b,phot_bp_mean_mag,phot_rp_mean_mag,bp_rp
184497471323752064,80.64680481184236,0.025397874,37.6759929364201,0.019576473,1.3049449567151956,0.040826127,-3.9994793622028038,0.028048873,1.0481436,0.7213697567669315,0.030094078,nan,nan,7.231733,170.05338802722687,0.7103172589013076,7.376429,6.921238,0.45519114
252878401557369088,70.24720739300419,0.011905987,44.53034418647852,0.008385959,0.10064623612212906,0.016362276,-1.186127754569379,0.013658521,0.879651,0.378823380551682,0.015042702,nan,nan,10.403856,159.8470955000755,-1.2700235829277626,10.832097,9.790907,1.0411901
276644757710014976,64.92556123476727,0.012604313,55.999360679043434,0.008108321,-0.4735607216045463,0.018276569,-0.5096656032780096,0.013492867,1.1442628,0.2100882458297216,0.014864282,nan,nan,10.766115,149.17651611413766,4.133059262254314,11.439369,9.855047,1.584322
414196617287885312,18.996040698840275,0.010982572,59.15394486765568,0.012779636,-2.4625832668630094,0.014893881,-0.546486466252775,0.016773285,1.0861942,0.3391933399322079,0.01803902,nan,nan,11.412056,126.08000772759438,-3.5676859152271287,11.667166,10.951165,0.71600056
427234969757165952,9.290132580203235,0.008413794,61.36013319063004,0.009818237,-1.7956235405295953,0.010947091,-0.5251300483100196,0.013608978,0.97518367,0.27189066538368456,0.012059882,nan,nan,9.454656,121.22141620023214,-1.4641898756122689,9.768971,8.949126,0.8198452
444752973131169664,53.749629724978455,0.013929484,53.17313997828423,0.012730369,-0.26805266659388,0.019742586,0.4401283844933388,0.019827945,1.0700557,0.13434727271763658,0.020151323,nan,nan,14.200214,146.05208942276994,-2.1940257086354467,15.475269,13.086571,2.3886986
465628193526364416,40.91843191991435,0.0067567313,61.434377668355616,0.008564885,-0.7289798897496916,0.010312551,0.13432816094165279,0.011728739,1.0006849,0.18150880543038156,0.011328216,nan,nan,12.386541,135.93415668064728,1.4287879422071408,13.053085,11.576575,1.47651
465645515129855872,40.131931264833995,0.007332206,61.22933050838676,0.009209115,-0.42343174759612834,0.011322314,-0.2555250178055092,0.011918911,0.926974,0.37764990611808313,0.012974979,nan,nan,10.402225,135.6752737697255,1.0861251738760371,10.956625,9.673551,1.2830744
511220031584305536,26.750875487648646,0.011500537,61.356572911514526,0.013774355,-1.029427556881088,0.01621835,-0.08166309914192828,0.016919507,1.351809,0.32796283875254345,0.021653285,nan,nan,11.215371,129.54110404226162,-0.8001119868579849,11.629826,10.599628,1.0301971
518990967445248256,29.577032913394262,0.008842416,67.22318460660581,0.010229338,-1.1979575137021086,0.010899313,0.3002206665717444,0.013282542,1.0928953,0.1332721013963377,0.013151252,nan,nan,13.687518,129.3522357669255,5.1887233924182254,14.563635,12.747923,1.815712
519352324516039680,23.95771733364349,0.0074431454,66.21202346679833,0.008329693,-1.6256635994947488,0.00863042,-0.02743521083805346,0.011114323,1.053552,0.1668629279602417,0.01096499,nan,nan,12.461553,127.39442158128841,3.7256576059257593,13.468391,11.464951,2.0034409
524677469790488960,19.63319348306226,0.010895621,63.74252240557648,0.012050527,-1.6837604152272512,0.013374864,0.5035569322350394,0.016997673,1.017341,0.13630637395963652,0.016345192,nan,nan,14.304468,125.92351442320867,1.0282648921450845,15.436176,13.246359,2.1898174
524924310153249920,19.511227046863358,0.0074612005,65.29162260285469,0.00889375,-1.2433985583085483,0.009154735,0.7606173957665759,0.011805355,0.94464165,0.1964171573898191,0.011268352,nan,nan,10.520529,125.70997540875491,2.563488419804798,11.247755,9.673886,1.5738688
1978365123143522176,323.5848682806499,0.011234178,47.63337917570627,0.0112197,-2.2116582562207454,0.014625879,-2.55791755533225,0.0145529,1.0569863,0.08351192645368731,0.014160462,nan,nan,14.0036335,92.17160730696891,-3.1176825605720886,14.302524,13.504069,0.7984543
1979911002134040960,330.4091919702234,0.011207036,50.16795238313883,0.011057302,2.364625293266044,0.014718983,-0.2937024864956449,0.013353956,0.9346025,0.8781947661310571,0.013396814,nan,nan,9.304606,97.24776932144769,-4.041208697923339,9.407649,9.073572,0.33407688
1982359580155628160,340.73874140526055,0.0132412175,44.72172459979292,0.01429974,-3.4776109132211244,0.015737077,-3.1589986974648205,0.016737616,1.1386589,0.485993229298655,0.018474221,nan,nan,8.705068,100.17544003164187,-12.398496666587082,8.769057,8.494837,0.27422047
2005653524280214400,331.98428755192987,0.012050482,54.518432170802825,0.011263556,-4.172517978480273,0.0151939755,-3.316562372366748,0.013615789,0.9785323,0.3050532500378427,0.013605253,nan,nan,9.743357,100.60324189142595,-1.1059224650682717,9.880591,9.464358,0.41623306
2021785421455305344,295.5465223645784,0.032075334,25.934890350462474,0.04769733,-1.953244017446547,0.042712506,-3.987108346450195,0.058592208,1.0167853,0.019283663596520964,0.060263168,nan,nan,17.054539,61.58010557440001,1.3548851543347347,18.785175,15.8083515,2.9768238
2026914849346539008,297.48094936995193,0.012892829,25.566594846422447,0.019209255,-2.3838963550775913,0.01785131,-5.145184250598648,0.027028784,0.9918761,0.11141137992886387,0.026741143,nan,nan,13.963173,62.13626690776949,-0.3368577763444705,16.310923,12.576528,3.734395
2028089540103670144,296.4139748795565,0.017021954,27.365399152475934,0.022254357,-2.4130254444730657,0.023112494,-4.043007630284439,0.028101064,1.0054941,-0.008479247875940794,0.029170023,nan,nan,15.688565,63.207143530473964,1.3955652936534102,17.111874,14.524066,2.5878077
2031939548802102656,297.39783883472126,0.008815533,30.20880848740128,0.011791565,-2.26403288923693,0.011820588,-4.08907537104113,0.014689061,1.0205581,0.027654384165323034,0.01372901,nan,nan,13.8340435,66.09896538287826,2.083585457599563,14.456717,13.047712,1.4090042
2033989790047905024,300.09104899633587,0.014430977,32.18973933161206,0.01737572,-2.850743997098801,0.020210294,-4.300169718523636,0.023098601,1.0242298,0.06746486507910339,0.021092985,nan,nan,15.064558,68.98602751827119,1.1341894069944143,16.446447,13.904095,2.5423527
2034031438383765760,298.92639832142635,0.016134035,32.096930318736355,0.021289147,-2.158047594075068,0.020837534,-6.0711257533713265,0.025808768,0.9647663,0.2575299882811361,0.024460983,4.7357154,0.5058494,8.358267,68.39194055158187,1.9268933031575586,10.154337,7.0887012,3.0656357
2059383668236814720,299.59029482904185,0.010937963,35.201578765113695,0.01300258,-3.812385175624448,0.014573607,-6.309893239635542,0.017452912,0.9672425,0.44390196847449304,0.014949423,nan,nan,8.536617,71.33495940203416,3.0668344499402203,9.073668,7.8143406,1.2593269
2063791369815322752,308.0636268551211,0.06144416,37.63743239546562,0.0759506,-3.370917952976648,0.08323335,-5.400072973224192,0.09149153,0.9876782,0.3418462523155139,0.08463053,nan,nan,16.89136,77.15184001171907,-1.241801183457772,19.491253,15.41941,4.071843
2065653598916388352,314.6980582988151,0.011033155,41.776979685270454,0.012759363,-2.2095525666212845,0.015213015,-3.351196585258945,0.017332293,1.0024277,0.07752894522296322,0.015234454,nan,nan,14.130871,83.56987683360249,-2.655492481981887,14.943625,13.225443,1.7181826
2067835682818358400,308.0546693559062,0.011941006,41.4567587500388,0.01462144,-2.8762382942769733,0.017133817,-0.9478946506888151,0.019980531,1.0710746,0.5677534793686149,0.015594214,nan,nan,11.277184,80.2238146279451,1.0278993456654848,11.974401,10.358142,1.6162596
2070085317968809216,310.8277570377428,0.053237583,44.638891277204316,0.052057836,-2.6133344012162185,0.066138886,-4.23233099180295,0.07114926,1.0781673,-0.021730849468608877,0.0633569,nan,nan,16.56358,83.98370959231536,1.3407233597302817,18.875046,15.183072,3.6919737
2083644392294059520,307.62850374937096,0.014208545,47.86406792934166,0.015089852,-2.7141040155086364,0.019856887,-4.536134376478879,0.018183656,1.2452663,0.41938547226134665,0.015947413,nan,nan,9.025331,85.23069069394988,5.047488517939756,9.276331,8.580136,0.69619465
2162805896614571904,315.8987696922526,0.010842505,45.751532832107685,0.010506174,-3.5054837830048067,0.013726339,-3.159757095149621,0.012575196,1.0902485,0.1308623368949642,0.0129473135,nan,nan,13.774436,87.13025161063592,-0.6848018984801163,14.475037,12.9513855,1.5236511
2178178409188167296,324.87785209104953,0.011529865,56.98621852916199,0.011889285,-2.9640416014718474,0.014118381,-2.2040186769337904,0.014115204,1.0365294,0.1048329214464288,0.012664483,nan,nan,13.816205,99.01220859043599,3.3125256362962086,14.523019,12.969804,1.553215
2201091578667140352,339.8368297959251,0.012457491,61.27405311885465,0.012111427,-2.344283875542537,0.015320877,-1.01527492097991,0.014133349,1.1045816,0.10398616408830161,0.013974317,nan,nan,14.104571,107.73443066473111,2.362332253415067,15.060287,13.122439,1.9378481
2207277877757956352,343.4796708776849,0.0151309585,62.726882349922974,0.016191678,-2.0222920919832523,0.019414423,-0.9491735730230428,0.021341369,1.0353317,0.05969510170980296,0.018092364,nan,nan,14.571745,109.92386340874582,2.861557411334844,15.816853,13.466603,2.3502493
2935943990338336000,107.40407113202392,0.015638072,-16.09632779315406,0.016122777,-1.83557676140376,0.018114142,1.3651331368295974,0.017123654,0.9347951,0.3150511705299787,0.024213685,nan,nan,9.192802,229.3086037556084,-3.3634337760631268,9.239652,9.052243,0.18740845
3052677318793446016,104.5720297066811,0.011529474,-7.209773385395211,0.011108977,-0.6378130521867398,0.015482978,1.255994695309955,0.01384412,1.0928693,0.15384849037023873,0.01513867,nan,nan,11.985233,220.12853955777865,-1.7672780916635629,12.54949,11.276765,1.2727251
3131755947406031104,98.82616381073139,0.011718217,5.551744844144263,0.012005568,-0.4194122332666873,0.013308586,0.40481488843078406,0.013038876,1.0142081,0.14244424425253302,0.014909007,nan,nan,12.49683,206.1527475102726,-1.0423267344157698,13.084854,11.743903,1.340951
3131822364779745536,98.24690241608782,0.017513767,5.800320528353365,0.016286489,-0.02593417315151327,0.020145865,-0.42836049364061723,0.016182685,1.0950648,0.5403983439245413,0.022634415,nan,nan,8.879788,205.6665423995996,-1.4395259578170154,9.236007,8.30983,0.926177
3423526544838563328,91.86088634197857,0.015897393,22.096597258920347,0.013606945,0.5732377211072881,0.019897899,-0.6083328898340276,0.013670167,1.2191224,0.13811993413445758,0.01807464,nan,nan,12.166335,188.38532157936345,0.81375073815519,12.454572,11.655486,0.7990856
3441207615229815040,84.72739245821431,0.0202507,26.31577524440175,0.015788812,-0.5898287895613142,0.030902112,-2.879557993302878,0.01621094,1.2853296,0.5245380785708109,0.023250582,nan,nan,8.601999,181.44504956690048,-2.643537066457817,8.987547,8.0104475,0.9770994
4040960662373474176,265.75551465281137,0.08151785,-36.37284591519637,0.057155497,-4.482602975761192,0.10855075,-1.6461457547450966,0.053175185,0.86079323,-0.0831833534250851,0.09846801,nan,nan,15.221218,353.370063329925,-3.4202891724245283,19.52165,13.430913,6.0907373
4054559284753424000,263.86499688214946,0.3286957,-32.931823120905946,0.26250544,-5.229906836623692,0.44514284,-8.582699679934175,0.33690384,1.1805843,0.03533694862391942,0.4148418,nan,nan,18.914875,355.45760136708867,-0.27304137285712365,21.316357,17.193676,4.1226807
4056922105185686784,264.79812927251425,0.04043273,-30.34381326584938,0.032697078,-0.42745718004650846,0.04873871,3.760039450836629,0.033256132,0.88862735,0.5159549421559745,0.048020627,nan,nan,12.643312,358.067753895708,0.4452361176333438,15.008059,11.256569,3.7514896
4060784345959549184,266.19068598153774,0.019861849,-27.2290321367955,0.015680317,-0.8569741814419296,0.023891095,-2.295820285732529,0.015573473,0.8026602,0.787333882479544,0.023699261,nan,nan,8.234564,1.3578175114162994,1.0519589547965902,8.511403,7.735419,0.7759843
4063908810076415872,268.6052987030251,0.022245996,-26.331274336947732,0.017260587,-0.5057220749359188,0.028629052,-0.667794468304362,0.018198028,1.0879679,0.3963276780006648,0.026676178,nan,nan,11.663726,3.235979885614684,-0.33555745740311615,12.946659,10.542322,2.404337
4070770243676311936,269.64397104543735,0.27038908,-21.389332109203,0.19027168,-2.36538712986673,0.35116014,-3.810504961475337,0.23855187,1.2601464,0.133383862286102,0.22734681,nan,nan,18.813751,7.98621486794217,1.3265957398942791,21.803795,16.990738,4.813057
4070968778561141760,270.6747368583342,0.1046788,-20.28816679699591,0.08847612,-3.4065403956576787,0.122498386,-5.488820512486482,0.093483455,1.0201756,-0.1513713833942148,0.13062473,nan,nan,16.801586,9.420451483310611,1.0361026058400398,19.17437,15.38505,3.78932
4104196427943626624,276.5627681201673,0.012748371,-14.848438248314068,0.011323812,7.425312749534734,0.014174469,-8.151225884328909,0.011673848,0.749916,0.4900256100180399,0.015014423,nan,nan,10.798686,16.881564472210624,-1.2892552605096488,11.453262,9.997603,1.4556589
4146789141900648576,271.1624089614886,0.23183206,-14.9464336382636,0.19731422,2.8163949695952675,0.32420734,0.5248669367618788,0.21428205,0.9389223,0.35637339844069704,0.25637776,nan,nan,19.099766,14.30687793079159,3.2517753399711236,20.119614,17.970112,2.1495018
4152643113595580416,275.3323425004492,0.2298688,-13.310890956750724,0.21091765,-4.75717570226309,0.2571612,-7.1269597874352915,0.22176196,1.048254,0.11183301870190533,0.21015081,nan,nan,18.37008,17.68122944365532,0.48526330998641776,21.142166,16.74253,4.3996353
4155023796790984064,278.3679185343803,0.023960538,-10.40243295086028,0.020646106,0.014129598024954813,0.027040828,-0.10350403724001421,0.022528417,0.8154473,0.47356343645215393,0.028008316,nan,nan,10.961636,21.63824683138313,-0.7896417890712586,11.906382,9.991757,1.9146242
4253473896214500096,280.1953568961291,0.012800918,-5.680628093067283,0.0119924545,-1.024953867964975,0.016244514,-2.9397122252012013,0.015440416,0.83883786,0.23260881745470705,0.014541045,2.2828214,28.66568,11.229876,26.66356550809258,-0.22748946896916325,11.971808,10.359822,1.6119862
4255891924062617088,283.8766800200503,0.014235792,-2.604679419397789,0.014256109,-2.519200396441113,0.016839296,-6.766008688499971,0.015563221,1.0999284,0.07777430499571139,0.016119283,nan,nan,13.440664,31.07634694239799,-2.092060444110593,14.776262,12.309271,2.4669914
4258160560148155648,281.2566191660608,0.018891027,-4.565759042374355,0.019158222,-1.366159546567521,0.024363426,-5.594980738525201,0.022116555,0.990443,0.16398885192740253,0.023681367,nan,nan,12.755314,28.13837812606104,-0.6579091376358055,14.262078,11.576122,2.685956
4259088994635370752,281.5533010323846,0.093761496,-2.3739097448759168,0.09704078,-1.6014907067769724,0.11734643,-2.1504326332738555,0.10132134,0.9846449,0.6764355935672552,0.12099661,nan,nan,17.650904,30.22372840554395,0.07923084081716135,19.002638,16.482925,2.5197124
4268774695647764352,285.9141280353291,0.19355014,3.2043579681435252,0.19041502,-1.7901359305974884,0.25083205,-4.336556449339966,0.24071172,1.0161881,4.6904205397502174E-4,0.21388882,nan,nan,18.542234,37.17720468290918,-1.2527903447736417,20.800488,17.09401,3.706478
4278536022438800640,281.403473368695,0.16806592,0.8631594680204066,0.18489982,-1.9223053764878588,0.19187225,-3.981582670513548,0.17040698,0.9489674,0.08614348936089142,0.2158959,nan,nan,18.606775,33.03636942521391,1.6893586565524012,20.93684,17.230015,3.7068253
4293406612283985024,287.9565063699124,0.01839638,4.982708527256882,0.018368214,-3.0269258944121806,0.023585632,-4.776844591679762,0.023861438,1.2414011,0.11817711247763943,0.023269137,nan,nan,12.602749,39.69407310529392,-2.244594208819768,14.155096,11.391598,2.7634983
4309225217336733824,287.4047303861521,0.059651483,9.832011185333132,0.06551249,-2.7485657819302163,0.07393015,-2.455443176178704,0.07641603,0.8838531,0.2326282846644742,0.07313712,nan,nan,16.793938,43.743818692468906,0.47964676300186876,19.099142,15.419151,3.6799908
4310118570535453696,284.75680882608543,0.2963731,8.245457254312521,0.3373388,-1.990330774755356,0.36828628,-3.255504337241219,0.36267373,0.98324823,-0.46894960662420804,0.3779983,nan,nan,19.470139,41.134383384326995,2.0764458051903394,20.99793,18.00686,2.9910698
