GAIA_midplane_stars.ecsv
# %ECSV 1.0
# ---
# delimiter: ','
# datatype:
# -
#   name: solution_id
#   datatype: int64
#   description: Solution Identifier
#   meta:
#     ucd: meta.version
# -
#   name: designation
#   datatype: string
#   description: Unique source designation (unique across all Data Releases)
#   meta:
#     ucd: meta.id;meta.main
# -
#   name: ra
#   datatype: float64
#   unit: deg
#   description: Right ascension
#   meta:
#     ucd: pos.eq.ra;meta.main
#     utype: stc:AstroCoords.Position3D.Value3.C1
#     CoosysSystem: ICRS
#     CoosysEpoch: J2016.0
# -
#   name: ra_error
#   datatype: float32
#   unit: mas
#   description: Standard error of right ascension
#   meta:
#     ucd: stat.error;pos.eq.ra
#     utype: stc:AstroCoords.Position3D.Error3.C1
# -
#   name: dec
#   datatype: float64
#   unit: deg
#   description: Declination
#   meta:
#     ucd: pos.eq.dec;meta.main
#     utype: stc:AstroCoords.Position3D.Value3.C2
#     CoosysSystem: ICRS
#     CoosysEpoch: J2016.0
# -
#   name: dec_error
#   datatype: float32
#   unit: mas
#   description: Standard error of declination
#   meta:
#     ucd: stat.error;pos.eq.dec
#     utype: stc:AstroCoords.Position3D.Error3.C2
# -
#   name: parallax
#   datatype: float64
#   unit: mas
#   description: Parallax
#   meta:
#     ucd: pos.parallax.trig
# -
#   name: parallax_error
#   datatype: float32
#   unit: mas
#   description: Standard error of parallax
#   meta:
#     ucd: stat.error;pos.parallax.trig
# -
#   name: pmra
#   datatype: float64
#   unit: mas.yr**-1
#   description: Proper motion in right ascension direction
#   meta:
#     ucd: pos.pm;pos.eq.ra
#     utype: stc:AstroCoords.Velocity3D.Value3.C1
# -
#   name: pmra_error
#   datatype: float32
#   unit: mas.yr**-1
#   description: Standard error of proper motion in right ascension direction
#   meta:
#     ucd: stat.error;pos.pm;pos.eq.ra
#     utype: stc:AstroCoords.Velocity3D.Error3.C1
# -
#   name: pmdec
#   datatype: float64
#   unit: mas.yr**-1
#   description: Proper motion in declination direction
#   meta:
#     ucd: pos.pm;pos.eq.dec
#     utype: stc:AstroCoords.Velocity3D.Value3.C2
# -
#   name: pmdec_error
#   datatype: float32
#   unit: mas.yr**-1
#   description: Standard error of proper motion in declination direction
#   meta:
#     ucd: stat.error;pos.pm;pos.eq.dec
#     utype: stc:AstroCoords.Velocity3D.Error3.C2
# -
#   name: radial_velocity
#   datatype: float32
#   unit: km.s**-1
#   description: Radial velocity
#   meta:
#     ucd: spect.dopplerVeloc.opt;em.opt.I
#     utype: stc:AstroCoords.Velocity3D.Value3.C3
# -
#   name: radial_velocity_error
#   datatype: float32
#   unit: km.s**-1
#   description: Radial velocity error
#   meta:
#     ucd: stat.error;spect.dopplerVeloc.opt;em.opt.I
#     utype: stc:AstroCoords.Velocity3D.Error3.C3
# -
#   name: l
#   datatype: float64
#   unit: deg
#   description: Galactic longitude
#   meta:
#     ucd: pos.galactic.lon
#     utype: stc:AstroCoords.Position2D.Value2.C1
# -
#   name: b
#   datatype: float64
#   unit: deg
#   description: Galactic latitude
#   meta:
#     ucd: pos.galactic.lat
#     utype: stc:AstroCoords.Position2D.Value2.C2
# meta:
#   name: votable
#   QUERY_STATUS: OK
#   QUERY: 'SELECT TOP 2000 gaia_source.solution_id,gaia_source.designation,gaia_source.ra,gaia_source.ra_error,gaia_source.dec,gaia_source.dec_error,gaia_source.parallax,gaia_source.parallax_error,gaia_source.pmra,gaia_source.pmra_error,gaia_source.pmdec,gaia_source.pmdec_error,gaia_source.radial_velocity,gaia_source.radial_velocity_error,gaia_source.l,gaia_source.b FROM gaiadr3.gaia_source  WHERE  CONTAINS(  POINT(''ICRS'',gaiadr3.gaia_source.ra,gaiadr3.gaia_source.dec),  CIRCLE(''ICRS'',265,-36,5) )=1  AND gaia_source.parallax IS NOT NULL  AND gaia_source.parallax !=0;'
#   JOBID: 1730384169343O
#   RELEASE: Gaia DR3
solution_id,designation,ra,ra_error,dec,dec_error,parallax,parallax_error,pmra,pmra_error,pmdec,pmdec_error,radial_velocity,radial_velocity_error,l,b
[from data line 1599]
1636148068921376768,Gaia DR3 4053869169438570368,266.10485834002935,1.8519601,-33.35772798644536,1.0242338,-17.809092530006122,1.888639,3.772175450194399,1.8292546,-12.02577773841421,0.9445427,nan,nan,356.09327119140886,-2.088129179827418
1636148068921376768,Gaia DR3 4041630303688389376,267.47581387752314,1.7448002,-34.49012741513673,1.2498397,-17.808935942295953,2.0592551,11.371520540373112,1.7968686,-16.729628885935576,1.1943097,nan,nan,355.71064735461135,-3.647070038765364
1636148068921376768,Gaia DR3 4036601034417905920,269.3193518437015,1.6225332,-38.49606119159537,1.3585348,-17.807534569169118,1.6068418,56.21634041656559,1.7721467,-52.461243147069766,1.1842388,nan,nan,352.973149459446,-6.9354668577155785
1636148068921376768,Gaia DR3 5961639804950624768,265.74412698546604,1.5571077,-37.211491762118655,1.0700246,-17.80554871148556,1.499702,-2.729982587596586,2.5860932,-5.554985843720226,0.9697289,nan,nan,352.64904813485737,-3.851148845964779
1636148068921376768,Gaia DR3 4040853460249576448,268.6019642632387,1.2376115,-34.311325246876756,1.1948922,-17.80513885936756,1.8552737,-1.5415161837308056,1.3077352,-7.459067537628924,1.295225,nan,nan,356.3366452232592,-4.3579862241209755
1636148068921376768,Gaia DR3 4041880094637468288,267.5153485397474,1.0613261,-33.71098360052689,0.8872803,-17.803777301405898,1.1543294,4.5776510456179755,1.1217,-10.217196621287084,0.74888635,nan,nan,356.39849397696025,-3.2772985887912536
1636148068921376768,Gaia DR3 5957657648680230656,265.49789811092216,1.4033226,-40.89069789221078,0.9583758,-17.801766252384475,1.6222624,4.0893938163788395,1.5236199,-27.66260022411118,0.8928987,nan,nan,349.3998891034147,-5.608615603583786
1636148068921376768,Gaia DR3 4040255261317769472,266.86209213387036,0.77781045,-36.15133896362512,0.67329603,-17.796056889753388,1.0020155,2.8444583316801677,0.877364,-15.774069661693126,0.5917698,nan,nan,354.02367517758603,-4.068202452398766
1636148068921376768,Gaia DR3 4043248475530828544,269.2400273939901,1.1789927,-33.45045279996985,1.0286661,-17.79467100659407,1.5322843,-9.70525780821298,1.2204158,-10.843439026522212,0.9812551,nan,nan,357.3499692277372,-4.3868501056271185
1636148068921376768,Gaia DR3 4041806294225850368,266.4541140772058,1.0041072,-34.11731101413098,1.144519,-17.792186338366488,2.067423,-11.008615160988995,1.3974324,-14.333134352057586,0.9285832,nan,nan,355.59556821205615,-2.7315962158724756
1636148068921376768,Gaia DR3 4041889307387189504,267.6831674487473,1.5073065,-33.48588208127996,1.1350257,-17.791938291373476,2.1573677,-1.621625349795664,1.8793777,-15.600570436540394,0.9953903,nan,nan,356.66384584190604,-3.282651790181043
1636148068921376768,Gaia DR3 4041684072487743616,267.7867040469243,1.3563814,-33.92909322445572,1.2466844,-17.79148792728155,2.067828,8.061710969063588,1.5143043,-10.878927947061797,1.0969598,nan,nan,356.3256138363791,-3.582424904400371
1636148068921376768,Gaia DR3 4039835106096241664,267.25591655243073,1.1640083,-37.83772866666248,1.0155271,-17.789150307319353,1.3212091,-0.8103940256763997,1.3718159,-10.414492008595088,0.94718456,nan,nan,352.7314440333749,-5.2013071885938995
1636148068921376768,Gaia DR3 5962566968127370624,263.53500082667085,1.2418599,-37.195568813091334,0.9796125,-17.785206906239036,1.8386431,10.02407009537234,1.3900605,-5.055220497567944,0.928913,nan,nan,351.7246776416634,-2.3530735037418005
1636148068921376768,Gaia DR3 4040060506007324544,266.94274690762086,1.3921225,-37.13153039170022,0.97681266,-17.780205269823895,1.6905613,3.0228747374631926,1.6912783,-23.571582735924657,0.9767193,nan,nan,353.213394181756,-4.626938689246786
1636148068921376768,Gaia DR3 4041390335343862144,265.73526180483765,0.9602871,-34.6887557811735,0.87978643,-17.779869591680637,1.1367435,8.068405195088042,1.5130196,-19.54900647669156,0.823041,nan,nan,354.79776060625335,-2.523833145540105
1636148068921376768,Gaia DR3 4041525742886114688,267.2599928595996,1.2820863,-34.83268171856982,1.1581795,-17.77818779547445,1.594545,-8.19708391501861,1.4480016,-2.4792815195564626,1.1287462,nan,nan,355.32470382149967,-3.669655972922778
1636148068921376768,Gaia DR3 4041109375668196096,266.4745510724403,1.2737436,-35.38708167911964,0.7599506,-17.778137162075417,1.4033784,8.396440849222772,1.6178377,-8.28122460883312,0.9468492,nan,nan,354.5170317337661,-3.4044291965197964
1636148068921376768,Gaia DR3 4039004532513507968,270.7706321056637,1.3728136,-35.308228593882454,1.3161411,-17.774420947898488,1.6440648,3.6960351029427567,1.6028309,-12.454812786866409,1.2818817,nan,nan,356.34558293756754,-6.3985532384996215
1636148068921376768,Gaia DR3 5960145018838384128,262.41018936053405,0.7602889,-40.36470664539672,0.6275314,-17.76568446916996,0.6392228,3.2249144537290677,0.95943516,-10.886166558247478,0.7406727,nan,nan,348.58675686013345,-3.347949859338472
1636148068921376768,Gaia DR3 4040229113548481280,266.88305546893884,0.9285964,-36.476972255945114,0.83647454,-17.76450910511876,0.97596776,4.567136719266139,1.2921774,-0.7701794165713194,0.7235726,nan,nan,353.75230474408687,-4.250048241545209
1636148068921376768,Gaia DR3 4037080180912833536,270.50055011713044,1.151044,-37.47274842861344,1.0409629,-17.759932706932883,1.1721516,-9.22127735413803,1.3669287,4.829431225030506,1.0403919,nan,nan,354.3302634680428,-7.251977441978487
1636148068921376768,Gaia DR3 4040987295556543232,265.83686837511215,1.8074079,-35.978583868843785,1.3036871,-17.757714239959768,1.2785085,-0.16838363069298234,1.7664185,-14.752119824210464,1.0263132,nan,nan,353.7410634104536,-3.270013845542808
1636148068921376768,Gaia DR3 4043168898483179776,268.99173684498925,1.4099022,-33.42083736771691,0.96433705,-17.756661645253175,1.8885392,-3.761625265246958,1.6527628,-16.852612422823025,1.0729779,nan,nan,357.27215312576925,-4.192460466527717
1636148068921376768,Gaia DR3 4040870403645764608,265.9794071346004,1.3820417,-36.728179204317684,1.115374,-17.75543397969092,1.6546044,6.091549995845745,1.5663002,-12.692792437563678,0.97372687,nan,nan,353.16054661527227,-3.7592376230474844
1636148068921376768,Gaia DR3 4040486811563964416,269.40573731266534,2.1567583,-35.77072105258214,1.0611894,-17.75456957991676,2.1623614,2.900378453861802,1.6732032,-10.161352602408408,1.0371679,nan,nan,355.39456993385556,-5.654959484776721
1636148068921376768,Gaia DR3 4041740525461725440,266.7572680806287,1.6327045,-34.3754816477395,1.1878346,-17.749625223526486,2.2084281,2.4434310774412635,1.8860978,-11.350006284293212,1.096823,nan,nan,355.5043330204692,-3.079658056443629
1636148068921376768,Gaia DR3 4040883563548960000,265.87847441076207,1.4157118,-36.65550737000326,0.71574676,-17.747453973203644,1.7954652,15.671609286513952,2.0274687,-10.971044839211283,0.6030846,nan,nan,353.18037755181007,-3.652280250449263
1636148068921376768,Gaia DR3 4042328523579494656,269.5593207155881,0.76231974,-34.08683663477157,0.69684756,-17.746982408071098,1.1692386,-6.4017792483605245,0.9207104,-19.641100004606308,0.72243863,nan,nan,356.927531530086,-4.932889116050181
1636148068921376768,Gaia DR3 4040012780408150656,266.6016715964559,0.9888357,-37.765371710493596,1.0059649,-17.745352478908796,1.3258042,-0.10251181570700843,1.0028185,-0.7861593650489321,0.8354774,nan,nan,352.5281978020539,-4.720198435239244
1636148068921376768,Gaia DR3 4042031999181514496,270.5771159125318,1.0696611,-34.8608550084923,1.0096557,-17.742463324796365,1.4095463,4.271469574891645,1.1228778,-15.496265214752235,0.878844,nan,nan,356.6623034185693,-6.043467917159445
1636148068921376768,Gaia DR3 4040680703609173504,267.912090095909,1.0658267,-35.547736275559174,0.926883,-17.740845568094674,1.5798635,0.8280249610340532,1.1430389,-9.276546886291403,0.8158193,nan,nan,354.97962948127207,-4.492351356983856
1636148068921376768,Gaia DR3 4037048089001090688,269.98081593786765,0.9537311,-37.38570956374553,0.96123207,-17.738391063514303,1.5902259,1.1966638012064683,1.0177988,-16.616301319446322,0.82506305,nan,nan,354.20576166642667,-6.8486801722194715
1636148068921376768,Gaia DR3 4040654177909044480,267.71118551403686,0.7918791,-35.75087090504539,0.7415902,-17.73736214843656,1.0474155,-6.173353295011268,0.9684815,-17.060341406326256,0.71586156,nan,nan,354.72099149574314,-4.454547534440371
1636148068921376768,Gaia DR3 4040136578539650432,266.40235138355973,1.5728348,-36.79235836079439,1.3447514,-17.73718641332582,1.6189386,-0.7966513512074154,1.6200529,-14.069607547039256,1.103297,nan,nan,353.2819445155798,-4.082135449129417
1636148068921376768,Gaia DR3 4040728360529236096,268.6487942354414,0.7116294,-35.34708293632953,0.4929821,-17.730185422478076,0.9432909,6.391040199682092,0.9050066,-8.520418873961297,0.52492076,nan,nan,355.4565741553921,-4.910080544395746
1636148068921376768,Gaia DR3 4041634697463797504,267.38753115778945,0.8693186,-34.395832429232,0.8547488,-17.72902410558683,1.7525852,8.267882747314983,0.9266567,-9.218195999949232,1.0813102,nan,nan,355.7545897702951,-3.536305096372932
1636148068921376768,Gaia DR3 5962393863713953664,265.5419297670192,1.6945273,-37.13538492285178,1.6239122,-17.725660952585113,1.4861243,3.2950991128554863,2.0822027,7.9786351002707026,1.5372055,nan,nan,352.62948183249506,-3.674037665061237
1636148068921376768,Gaia DR3 4042378104829671040,269.4372046107226,0.5876138,-33.926811909196175,0.43356606,-17.723239678949856,0.79803854,13.353154399456958,0.84103507,-1.8730437017042023,0.4649586,nan,nan,357.016825629227,-4.76573917963786
1636148068921376768,Gaia DR3 4039793122849906816,267.6122951243253,1.8230516,-37.7528343262448,1.3476168,-17.721918160321177,2.077963,13.41168659967476,2.3635094,-11.120563801084817,1.6269894,nan,nan,352.9484548090635,-5.400858574160897
1636148068921376768,Gaia DR3 4038678183661758464,270.9721511235124,0.9661624,-36.6285561402236,0.8930428,-17.72018465147226,1.3396349,1.328706223483297,1.2089977,-14.846033938163028,0.8547123,nan,nan,355.25882987556196,-7.176593628872486
1636148068921376768,Gaia DR3 4040007557688112768,267.7569890720844,1.0093517,-36.56637317476441,0.99034506,-17.7197338279759,1.1425891,0.930413062975395,1.4998866,-20.843307218609308,1.1331817,nan,nan,354.03446077021704,-4.899770313384567
1636148068921376768,Gaia DR3 4042375218621892864,269.32121360694066,1.1195382,-33.940530849254834,1.0337307,-17.71926295821978,1.7534741,-6.189623209434057,1.2524277,-16.58921857698515,1.118586,nan,nan,356.9569922085276,-4.688967834770191
1636148068921376768,Gaia DR3 4042200056814430848,270.3621435183124,0.8935264,-34.28959393957118,0.7922068,-17.71785205806657,1.291053,5.682175219185353,0.7856493,-11.444784085686605,0.6440283,nan,nan,357.0775239181065,-5.610987742964631
1636148068921376768,Gaia DR3 4041671187584786688,267.94357500409706,1.171038,-33.980341381540704,0.8587233,-17.708694641234796,1.375049,5.715640913613266,1.3879516,-15.089165050383762,0.785561,nan,nan,356.3475961453677,-3.7205430934050168
1636148068921376768,Gaia DR3 5958203934175520640,267.14967603774096,0.9106232,-39.43308580994797,0.7806891,-17.706497849931036,1.1501695,7.57482369295659,0.9919556,-18.363584913555243,0.7038924,nan,nan,351.3088474345915,-5.941153868861106
1636148068921376768,Gaia DR3 4040045838644951040,266.82504031188444,0.86258316,-37.498174539450766,0.72065216,-17.703916563733813,1.0689987,8.305978094718439,0.85339963,-18.126129441238586,0.6053947,nan,nan,352.84941422462987,-4.734606148407963
1636148068921376768,Gaia DR3 4041325807650541184,266.2343856325643,1.2175252,-34.96826186375714,0.83833134,-17.702820319530474,1.1781588,16.101164993437457,1.4821227,-8.955033545696383,0.7029221,nan,nan,354.7734648720219,-3.019210392474649
1636148068921376768,Gaia DR3 4042267711116634112,269.15243166002455,0.90340424,-34.7919897184105,1.0721186,-17.699159726346505,1.9977204,-4.548412199782218,0.94551206,-13.886854246627152,0.8906636,nan,nan,356.1458237433725,-4.990767086195224
1636148068921376768,Gaia DR3 4043426012326536064,268.38602967261716,1.2218943,-32.99915422659835,0.96661955,-17.69729101153738,1.6341671,-5.685553478866186,1.4233736,-14.627278988556416,1.0070169,nan,nan,357.3827178453102,-3.542486091672606
1636148068921376768,Gaia DR3 4040636035932468992,268.18706800197475,1.9053472,-35.60758435180139,0.9207101,-17.696751094795314,2.2194316,8.539447826205215,1.2528679,-9.408593916759063,0.97423875,nan,nan,355.04107464532393,-4.71561938750964
1636148068921376768,Gaia DR3 4041529144479203200,267.0336919967463,1.5137899,-34.757973932224296,0.98581004,-17.695648289037262,1.6556287,-21.86310840764706,1.8027972,-30.46335297378401,0.9388935,nan,nan,355.29344033205194,-3.4718097766453
1636148068921376768,Gaia DR3 5960712779163586432,265.2163082959222,0.4868382,-40.233509379658365,0.31721944,-17.69392700179253,0.37441996,-34.54568980736194,0.52113706,-31.03210984658645,0.25768125,nan,nan,349.85027545353057,-5.082713621031486
1636148068921376768,Gaia DR3 4037217997931224576,269.0320265438068,1.0564095,-37.587935973675684,0.87965417,-17.69251259713844,1.4354573,1.6170044128282752,1.3784761,-10.686769417254759,0.89808345,nan,nan,353.65688873893004,-6.291572140552127
1636148068921376768,Gaia DR3 4037153092337137408,270.2843457543012,1.8353299,-37.06473469131446,1.682813,-17.690885714981533,2.1679215,-8.099028176295707,2.0829098,-16.259081860491676,1.4774975,nan,nan,354.6065727646602,-6.904283790707812
1636148068921376768,Gaia DR3 4040553946270966656,269.48712638842443,1.2219979,-35.25537893886347,0.84602356,-17.68915308548386,1.6757936,-0.11982771805975584,1.5746677,-11.572230832778686,1.0703747,nan,nan,355.877772695993,-5.458310354675171
1636148068921376768,Gaia DR3 4040770309599880960,268.8193755735464,1.1327556,-34.95212295733525,0.83223397,-17.687861252197447,1.4401852,1.79282874363301,0.90530246,-15.685913392555316,0.7307807,nan,nan,355.8698784359311,-4.833540191638028
1636148068921376768,Gaia DR3 4040049991892478976,266.74301547511845,0.94404745,-37.42852819591336,0.86780113,-17.686131308530577,1.251528,14.927050947856232,1.0199213,-16.224376862176367,0.7333647,nan,nan,352.87582777908335,-4.642973907591873
1636148068921376768,Gaia DR3 4041197371063377152,265.25366539973857,2.164609,-35.55144052571622,1.6241478,-17.685392636829977,1.8484303,-8.581584353541347,2.3681667,-7.8732274499679775,1.4397453,nan,nan,353.8559498478424,-2.64293765690907
1636148068921376768,Gaia DR3 4040965958196998784,265.6724412928663,1.052218,-36.249938426661465,0.83651054,-17.685343051947434,1.4293624,10.299205183752564,1.0508091,-14.452872161333817,0.7722841,nan,nan,353.43983074513966,-3.2988946856298162
1636148068921376768,Gaia DR3 4037474871335342848,269.9977922429301,1.0437909,-35.850151928889936,1.1334124,-17.680874200896604,1.7802397,1.1191802522740641,1.1177856,-11.614246697190042,0.986972,nan,nan,355.56195001383657,-6.112248152940854
1636148068921376768,Gaia DR3 4040204267196443264,267.3675390474039,0.82083243,-36.556673066683636,0.782551,-17.676863870895676,1.1432085,4.455096658055743,0.9494568,-9.802294420884486,0.6806998,nan,nan,353.8834248319216,-4.6253774089637485
1636148068921376768,Gaia DR3 4039860467925939072,267.0134076460642,1.1818931,-37.40271238571183,0.9070269,-17.674283695589384,1.3363634,1.713222223193572,1.0998268,-16.09464281148403,0.78421974,nan,nan,353.0085691419811,-4.814108970768742
1636148068921376768,Gaia DR3 4041700741121971200,266.45086354639335,1.224659,-34.83690169249237,0.92198044,-17.673107876037125,1.2903701,4.003457014185887,1.4737433,-13.277560835786772,0.73868316,nan,nan,354.9782299798853,-3.102675492962114
1636148068921376768,Gaia DR3 4042396835126840960,269.4299574005538,0.7252188,-33.72248928449437,0.9267121,-17.667275970410078,1.6358868,-15.556998787998833,0.7974402,-10.60646822850521,0.8114695,nan,nan,357.19190932708295,-4.659265734174564
1636148068921376768,Gaia DR3 4036851310722771840,268.2884214235139,1.0831553,-38.01025944245614,0.79583174,-17.66358224176561,1.6999024,8.039200597457267,0.8898729,-19.501148320368365,0.76961714,nan,nan,352.9946113237312,-5.991572148137566
