GAIA_midplane_stars.ecsv
# %ECSV 1.0
# ---
# delimiter: ','
# datatype:
# -
#   name: solution_id
#   datatype: int64
#   description: Solution Identifier
#   meta:
#     ucd: meta.version
# -
#   name: designation
#   datatype: string
#   description: Unique source designation (unique across all Data Releases)
#   meta:
#     ucd: meta.id;meta.main
# -
#   name: ra
#   datatype: float64
#   unit: deg
#   description: Right ascension
#   meta:
#     ucd: pos.eq.ra;meta.main
#     utype: stc:AstroCoords.Position3D.Value3.C1
#     CoosysSystem: ICRS
#     CoosysEpoch: J2016.0
# -
#   name: ra_error
#   datatype: float32
#   unit: mas
#   description: Standard error of right ascension
#   meta:
#     ucd: stat.error;pos.eq.ra
#     utype: stc:AstroCoords.Position3D.Error3.C1
# -
#   name: dec
#   datatype: float64
#   unit: deg
#   description: Declination
#   meta:
#     ucd: pos.eq.dec;meta.main
#     utype: stc:AstroCoords.Position3D.Value3.C2
#     CoosysSystem: ICRS
#     CoosysEpoch: J2016.0
# -
#   name: dec_error
#   datatype: float32
#   unit: mas
#   description: Standard error of declination
#   meta:
#     ucd: stat.error;pos.eq.dec
#     utype: stc:AstroCoords.Position3D.Error3.C2
# -
#   name: parallax
#   datatype: float64
#   unit: mas
#   description: Parallax
#   meta:
#     ucd: pos.parallax.trig
# -
#   name: parallax_error
#   datatype: float32
#   unit: mas
#   description: Standard error of parallax
#   meta:
#     ucd: stat.error;pos.parallax.trig
# -
#   name: pmra
#   datatype: float64
#   unit: mas.yr**-1
#   description: Proper motion in right ascension direction
#   meta:
#     ucd: pos.pm;pos.eq.ra
#     utype: stc:AstroCoords.Velocity3D.Value3.C1
# -
#   name: pmra_error
#   datatype: float32
#   unit: mas.yr**-1
#   description: Standard error of proper motion in right ascension direction
#   meta:
#     ucd: stat.error;pos.pm;pos.eq.ra
#     utype: stc:AstroCoords.Velocity3D.Error3.C1
# -
#   name: pmdec
#   datatype: float64
#   unit: mas.yr**-1
#   description: Proper motion in declination direction
#   meta:
#     ucd: pos.pm;pos.eq.dec
#     utype: stc:AstroCoords.Velocity3D.Value3.C2
# -
#   name: pmdec_error
#   datatype: float32
#   unit: mas.yr**-1
#   description: Standard error of proper motion in declination direction
#   meta:
#     ucd: stat.error;pos.pm;pos.eq.dec
#     utype: stc:AstroCoords.Velocity3D.Error3.C2
# -
#   name: radial_velocity
#   datatype: float32
#   unit: km.s**-1
#   description: Radial velocity
#   meta:
#     ucd: spect.dopplerVeloc.opt;em.opt.I
#     utype: stc:AstroCoords.Velocity3D.Value3.C3
# -
#   name: radial_velocity_error
#   datatype: float32
#   unit: km.s**-1
#   description: Radial velocity error
#   meta:
#     ucd: stat.error;spect.dopplerVeloc.opt;em.opt.I
#     utype: stc:AstroCoords.Velocity3D.Error3.C3
# -
#   name: l
#   datatype: float64
#   unit: deg
#   description: Galactic longitude
#   meta:
#     ucd: pos.galactic.lon
#     utype: stc:AstroCoords.Position2D.Value2.C1
# -
#   name: b
#   datatype: float64
#   unit: deg
#   description: Galactic latitude
#   meta:
#     ucd: pos.galactic.lat
#     utype: stc:AstroCoords.Position2D.Value2.C2
# meta:
#   name: votable
#   QUERY_STATUS: OK
#   QUERY: 'SELECT TOP 2000 gaia_source.solution_id,gaia_source.designation,gaia_source.ra,gaia_source.ra_error,gaia_source.dec,gaia_source.dec_error,gaia_source.parallax,gaia_source.parallax_error,gaia_source.pmra,gaia_source.pmra_error,gaia_source.pmdec,gaia_source.pmdec_error,gaia_source.radial_velocity,gaia_source.radial_velocity_error,gaia_source.l,gaia_source.b FROM gaiadr3.gaia_source  WHERE  CONTAINS(  POINT(''ICRS'',gaiadr3.gaia_source.ra,gaiadr3.gaia_source.dec),  CIRCLE(''ICRS'',265,-36,5) )=1  AND gaia_source.parallax IS NOT NULL  AND gaia_source.parallax !=0;'
#   JOBID: 1730384169343O
#   RELEASE: Gaia DR3
solution_id,designation,ra,ra_error,dec,dec_error,parallax,parallax_error,pmra,pmra_error,pmdec,pmdec_error,radial_velocity,radial_velocity_error,l,b
[from data line 1799]
1636148068921376768,Gaia DR3 4040203962212556288,267.3570327960246,0.8327145,-36.5762992796127,0.7310275,-17.400398585868412,1.0092783,2.4488604920381416,1.0917853,-13.010779791837336,0.67430615,nan,nan,353.8621686798933,-4.6281175619110595
1636148068921376768,Gaia DR3 4040274983816888576,267.0676317392573,1.0050662,-36.14431803131876,0.7575989,-17.39620196785157,1.1308734,14.850144812316307,1.0827172,-10.820536860533387,0.70415807,nan,nan,354.1151358834307,-4.207035933758863
1636148068921376768,Gaia DR3 4053462354449703808,265.0473164022608,1.2587895,-34.2582505547209,1.099433,-17.39620142433389,1.512602,-0.6621673277609078,1.7681272,-0.9407363063287092,1.1497375,nan,nan,354.86438463496177,-1.814933685291317
1636148068921376768,Gaia DR3 4043535413709100160,268.5972562526635,1.0899463,-32.600355042092644,1.3661478,-17.395819454535133,2.0190167,-10.752977568090401,1.1580184,-10.778531604071652,1.1510162,nan,nan,357.81747401178814,-3.4949073514237288
1636148068921376768,Gaia DR3 4040683108791276416,267.9717865377148,0.7486155,-35.44207251556895,0.68264,-17.39336332047429,1.0780165,3.5742778960585992,0.9441651,-10.510356024315849,0.63537604,nan,nan,355.0957191471408,-4.480830660943638
1636148068921376768,Gaia DR3 4039964543569597440,267.3369428426295,0.8127368,-37.10341881089161,0.59162873,-17.38943241892917,0.9891954,7.412982504337953,0.6992358,-11.598381374646587,0.51664144,nan,nan,353.39878033177,-4.882795646335512
1636148068921376768,Gaia DR3 5974624246938701696,263.2728229796885,2.4351249,-36.716759218506674,1.6096635,-17.384510989857716,1.9860653,8.02424014565062,2.5012069,-7.6119774065712456,1.5666583,nan,nan,352.0132069843589,-1.9171639825855495
1636148068921376768,Gaia DR3 5961161929659301888,265.4863727174011,1.2861363,-39.45834847487447,0.89875174,-17.383414924522405,1.3538717,8.992557093270573,1.3277498,-11.964575492222798,0.76785797,nan,nan,350.6221483715401,-4.85348307493025
1636148068921376768,Gaia DR3 4041627417413419776,268.3118128546233,1.9667538,-33.941897328058516,1.085589,-17.38256167338724,2.2355366,-11.496266799613371,1.9727446,-18.585175655212648,1.1253184,nan,nan,356.5356560967561,-3.964578314365263
1636148068921376768,Gaia DR3 4036158893272776832,270.1501148702499,1.5386959,-38.79668741106293,1.2306064,-17.380903360599476,1.6356425,-9.006033163813566,1.3946582,10.142914033387688,1.2015506,nan,nan,353.02640134285923,-7.6486091416499375
1636148068921376768,Gaia DR3 4036895463019261952,268.7320600947174,0.7667928,-37.47917818994165,0.6690671,-17.378515355203444,0.89278567,10.178350404246029,0.7564914,-18.43296407299005,0.5873327,nan,nan,353.63337934432315,-6.031062808658268
1636148068921376768,Gaia DR3 4042371713912697600,269.4223905876787,0.98524976,-33.99731149048682,1.0600483,-17.378430277198312,1.4851342,3.553006015315785,1.1254834,-14.170545366869423,0.81428087,nan,nan,356.9492631566151,-4.789990751834134
1636148068921376768,Gaia DR3 5961515766218857344,265.90767336644666,0.7283659,-38.2425196466723,0.54275817,-17.376952406453757,0.78989905,11.266045006146534,0.7239406,-14.351278415587075,0.47705364,nan,nan,351.8346573716043,-4.499254076013475
1636148068921376768,Gaia DR3 4040022027338097280,266.81191715790425,1.3725058,-37.558997632071694,1.0520256,-17.371648737090997,1.749261,8.047741015957488,1.4612404,-16.567081399739806,0.9598633,nan,nan,352.79167225878524,-4.75688726387736
1636148068921376768,Gaia DR3 4043170032223786240,268.9730602396713,0.9355272,-33.364564797977614,0.8172647,-17.36669664157686,1.223683,-10.453665667298841,1.1019912,-21.613114346447155,0.82669157,nan,nan,357.31322213158717,-4.150842927564546
1636148068921376768,Gaia DR3 4040569820480200448,269.2280721729336,0.9742376,-35.1234846855082,0.9510219,-17.366121536541726,1.5156657,5.803260023280908,1.1294742,-14.444930981833123,0.8517111,nan,nan,355.88775193349596,-5.2090726716848135
1636148068921376768,Gaia DR3 4040554702212236160,269.4292111217131,0.63310033,-35.24377624021521,0.59400165,-17.364749033276365,0.8452659,-0.10392343268566143,0.7100243,-12.115326713774179,0.53185904,nan,nan,355.8644557391143,-5.411450902057557
1636148068921376768,Gaia DR3 4042058803997050112,269.5885961445395,1.7277919,-35.07404569860328,1.3508296,-17.364208226661532,2.082081,1.9335920347987692,1.9217564,-4.354122714359667,1.458421,nan,nan,356.07733301030953,-5.441060370631877
1636148068921376768,Gaia DR3 4040431904749642496,268.56680164622594,1.0378139,-35.750367425486345,1.3049109,-17.360311491005994,1.9109011,1.4898121917010552,1.2863923,-6.369686650523262,1.0370947,nan,nan,355.07255825161093,-5.05406921739781
1636148068921376768,Gaia DR3 4040050099312546304,266.77708161948686,1.0479659,-37.400232685135116,0.86847425,-17.359673837640994,1.3083827,0.06459816405109764,1.1384256,-15.853722824148274,0.7729969,nan,nan,352.91413091100367,-4.651648156055758
1636148068921376768,Gaia DR3 4040886587087110400,265.73159929140536,0.6175403,-36.58206717222128,0.52000725,-17.35941965529666,0.85296524,4.235284802312103,0.78198284,-12.806671945403263,0.47445726,nan,nan,353.18137038217145,-3.51339399675572
1636148068921376768,Gaia DR3 4042072887168715392,269.5671468970223,1.0326781,-34.8980551786441,0.6609706,-17.356130984245976,1.1537548,8.16452416870634,0.9240984,-14.553060664097048,0.60379404,nan,nan,356.2224281536596,-5.339008183756258
1636148068921376768,Gaia DR3 4043618491289633920,268.0693001707206,0.9228508,-32.151680233273204,0.7162159,-17.35403998258597,1.5574491,10.681588870139748,0.8545716,-16.184084976991905,0.62645483,nan,nan,357.9795188948421,-2.8833976386831885
1636148068921376768,Gaia DR3 4040422077897363840,268.41447947520396,0.90041035,-35.974440387432054,0.8774814,-17.351832490562565,1.3225238,-1.229937118827147,0.9691662,-14.053182631900018,0.748124,nan,nan,354.81578850446925,-5.059458753563113
1636148068921376768,Gaia DR3 4043226103258049920,268.757012448669,1.035414,-33.14168943972065,0.9951813,-17.348877631240725,1.5392213,3.138159201956218,1.0470579,-17.035020814365854,0.8466271,nan,nan,357.4159802489536,-3.8828726960056437
1636148068921376768,Gaia DR3 4039927400638009472,268.01721969198314,1.4052356,-37.19402542675018,1.0553404,-17.348114071280378,1.6814322,13.72896704645154,1.7980094,-19.78044347495353,1.0951632,nan,nan,353.5959335925997,-5.396276822847224
1636148068921376768,Gaia DR3 4041459948085129600,267.5548702741515,1.5428667,-35.07375062148446,1.1066208,-17.345960265830758,1.6271294,-16.433073957026206,1.5465056,-28.022740311283147,1.0115271,nan,nan,355.24069375082297,-4.00056485928992
1636148068921376768,Gaia DR3 4036399652010135680,269.03335606790307,1.0424039,-39.5087239409623,1.17065,-17.345594168209534,1.4443886,-6.07772073543109,1.1474688,-6.747788755447935,0.96868044,nan,nan,351.9740604264271,-7.238611055134868
1636148068921376768,Gaia DR3 4040883941476211328,265.92392850095547,1.0630794,-36.63737649140576,0.7792947,-17.344382322990846,1.36987,2.1932317247105977,1.3718641,-16.247849216338032,0.71685976,nan,nan,353.21494625096545,-3.6739280156723795
1636148068921376768,Gaia DR3 4042116940695610880,270.0803520624644,0.93816894,-34.344908827525494,0.8473965,-17.340467982328907,1.5091594,-1.1965119249978726,1.4847267,-7.952215299137429,0.91161627,nan,nan,356.9147771419701,-5.43495855084517
1636148068921376768,Gaia DR3 5961174436607540224,265.4648480306748,1.3152488,-39.37947275527173,0.95819414,-17.339775514532583,1.1924349,2.2761976206229004,1.2539762,-14.920538811199684,0.8119721,nan,nan,350.68089112869615,-4.79806114114213
1636148068921376768,Gaia DR3 4036740397509738112,267.9760872779917,1.3165109,-38.57239977220082,0.945747,-17.339193151526388,1.4660952,3.378159234169331,1.516631,-18.266005042418904,0.977531,nan,nan,352.3818961156786,-6.060945837886374
1636148068921376768,Gaia DR3 4037173536448759424,270.9515074374917,1.1983488,-36.71870288380654,1.1088147,-17.338016081563957,1.4222461,-2.6068991380009505,1.3434285,-17.91462810491651,1.074508,nan,nan,355.1710790932987,-7.2052473176696825
1636148068921376768,Gaia DR3 4039959385301425664,267.39747326942734,1.4348983,-37.222655176243485,1.061404,-17.337575585552884,1.756176,1.4988180392430144,1.4103723,-8.992114814481393,0.99497026,nan,nan,353.3203932069451,-4.984996992018739
1636148068921376768,Gaia DR3 4041736303413096192,266.81878737465763,1.5000168,-34.460532056896014,1.1232506,-17.33754887000908,1.6876805,-13.577747271048311,1.5363317,-20.750157501448626,1.0161952,nan,nan,355.4576159974093,-3.167025552012143
1636148068921376768,Gaia DR3 4041101472975920128,266.4875710250547,1.2134532,-35.63395272697804,0.85499567,-17.333049585375534,1.4022259,3.0795330690310827,1.5349473,-9.829923569676886,0.8304353,nan,nan,354.31095778325124,-3.541348940776639
1636148068921376768,Gaia DR3 4041323127680864384,266.30740106983995,1.4323561,-34.95600717639885,0.87059736,-17.332578336211775,1.6963903,-32.74541424719492,1.7354722,-24.358375186276085,0.8161768,nan,nan,354.81510848747536,-3.063948566950872
1636148068921376768,Gaia DR3 4040231308343659776,267.06034041076146,1.2092652,-36.47676813452964,0.8853802,-17.331599064798404,1.4502685,22.022876014183105,1.5827267,-10.409854208321784,0.80158406,nan,nan,353.8258110175661,-4.372314838647461
1636148068921376768,Gaia DR3 5960694809075677952,265.32068944429545,0.85711503,-40.45518487939575,0.6045652,-17.330682159855638,1.209088,11.464828455645804,1.1225085,-18.18269722909995,0.63947916,nan,nan,349.70251165370826,-5.266595746578617
1636148068921376768,Gaia DR3 4040175615475204992,266.9881418204385,1.852937,-36.74995433174601,1.8964347,-17.323876228593377,1.8025216,-8.088004101540985,1.9867471,-1.191836950109255,1.5635126,nan,nan,353.560727958155,-4.462520138398991
1636148068921376768,Gaia DR3 4041111437302324096,266.6012609003824,1.0565715,-35.39001613330009,0.82666034,-17.32082193551776,1.5332872,1.2078099417331178,1.2100046,-16.73869365067171,0.8003396,nan,nan,354.56807273129556,-3.494338136390748
1636148068921376768,Gaia DR3 4040672831088931328,267.68695363490275,1.016215,-35.53053888780815,1.0211127,-17.32043842535274,1.2488066,-3.555637801120785,1.0331295,-14.489805192425536,0.8378348,nan,nan,354.90134822783915,-4.325721790227775
1636148068921376768,Gaia DR3 4040256528426164480,266.85026372667284,1.2833202,-36.08132265989631,0.9625129,-17.315363223303574,1.7268062,18.554747937669983,1.5708042,-22.84024060427211,0.9062646,nan,nan,354.07894749456153,-4.024001023015266
1636148068921376768,Gaia DR3 4041801277752332544,266.06570077047553,0.8356417,-34.03444375248391,0.72046554,-17.313886642298108,1.0364158,-29.304441310320772,1.1100692,-26.509790218517743,0.6552271,nan,nan,355.4987084713031,-2.4137778219988646
1636148068921376768,Gaia DR3 4040867654865768192,266.0645983362432,0.93935174,-36.742119142488214,0.69758135,-17.313073272832536,1.161274,17.70114178418551,1.0022147,-12.771227079010856,0.6374722,nan,nan,353.18425173474486,-3.824781860664464
1636148068921376768,Gaia DR3 4040534399886900224,268.91756729840097,0.7566629,-35.51611234935157,0.7343258,-17.312191749598572,0.9249846,-4.988251381910062,0.86463004,-10.196024950952353,0.64747214,nan,nan,355.41921579910763,-5.184208844862888
1636148068921376768,Gaia DR3 4041151569385996672,265.1593795245882,1.0249903,-35.98315260209027,0.81928635,-17.309919072332622,1.286012,13.208327658366544,1.1326923,-14.201010103114704,0.75630224,nan,nan,353.4485298696861,-2.8060699000636706
1636148068921376768,Gaia DR3 4036761631802057728,267.55438387226036,1.2261343,-38.30026459614316,1.0488108,-17.306972872004614,1.3831589,1.2456985284566702,1.2555903,-12.740655041635527,0.93975097,nan,nan,352.4508835424578,-5.638502599520769
1636148068921376768,Gaia DR3 4041525884452384768,267.26906653486105,1.4229774,-34.80597344212993,1.0268987,-17.305579705891216,1.8473973,6.419160144293236,1.6125935,-9.383878136854298,1.2106779,nan,nan,355.3515145921106,-3.662379819578377
1636148068921376768,Gaia DR3 4041413528218888192,265.6961874002154,0.93952495,-34.45498018773452,0.7490121,-17.30221269062141,1.1665215,-5.874239087473407,0.96444565,-17.548102067522347,0.66087526,nan,nan,354.9800366764474,-2.3737587413954344
1636148068921376768,Gaia DR3 4043527850400539520,267.87418633048475,0.8429006,-32.18066682481043,0.8255014,-17.300918941803495,1.71446,3.49348266546569,0.7152453,-15.02664004259993,0.69757605,nan,nan,357.87046425493156,-2.7558998845335703
1636148068921376768,Gaia DR3 4041830616806718592,266.31234329970476,1.3457731,-33.75917346910459,1.3807447,-17.300058135524065,2.5963776,-6.058769560328003,1.4746085,-17.409313604688656,1.2636242,nan,nan,355.8406479616954,-2.444969142917878
1636148068921376768,Gaia DR3 4041453930809235328,267.56849648308287,0.91617364,-35.20748810687377,0.8388825,-17.296812373064608,1.2416462,-12.345232029045674,0.9169186,-20.053317694948813,0.7166127,nan,nan,355.1310028373979,-4.078266119698072
1636148068921376768,Gaia DR3 4040354183033397760,269.01094065465685,1.8596731,-36.328333524904885,1.3774251,-17.294122848248985,2.1830986,-0.817987314175284,2.2161362,-11.426485158543773,1.4230201,nan,nan,354.7489230526287,-5.653397124329996
1636148068921376768,Gaia DR3 4043559877852285568,268.4928854422766,1.5701084,-32.312386263548454,1.1814044,-17.29288082510703,2.013882,27.458324750128945,1.4056156,-6.006347915748123,0.99781615,nan,nan,358.0222351091953,-3.2737715671105647
1636148068921376768,Gaia DR3 5957675756271092608,266.1018772678064,1.0237315,-40.640801785734055,0.74683017,-17.292322442359676,1.1004375,-4.335815881290347,0.8552521,-10.805304415734458,0.666697,nan,nan,349.8530069678999,-5.87022613253896
1636148068921376768,Gaia DR3 4053894840459384960,265.34283388762447,1.2005917,-33.44865440378715,0.8967429,-17.292232286579182,1.1451492,-3.314825100932846,1.2704049,-14.211009659728,0.77469486,nan,nan,355.68151939180524,-1.5945803869334358
1636148068921376768,Gaia DR3 4040941803229882880,265.5950060466745,1.1685743,-36.3346447083994,0.90373874,-17.290315523145182,1.4094195,-5.233767192879672,1.8363473,-23.19717061862147,0.8193278,nan,nan,353.33480259742674,-3.2901707589731948
1636148068921376768,Gaia DR3 4037469889209407104,269.961286898851,1.1220902,-35.9243142555303,1.4109672,-17.289932644007784,1.9048837,-1.8827664012761174,1.3348142,-3.430823001455957,1.1144769,nan,nan,355.4823376012412,-6.1226697943655894
1636148068921376768,Gaia DR3 5961252467548709760,266.4954935057017,2.0908935,-38.75102346982603,1.6466914,-17.287141123423496,2.4285245,6.2660630088613525,2.1476493,-9.909872898343068,1.5469835,nan,nan,351.6369224561293,-5.156063667255245
1636148068921376768,Gaia DR3 4040406268164155264,268.76922422867756,1.1996046,-36.19341454471952,1.3494195,-17.285335878798247,1.8997312,1.5092912937425695,1.4395717,-10.469702246657432,1.1296893,nan,nan,354.76920863728134,-5.417213143835231
1636148068921376768,Gaia DR3 4038902449640743424,270.5275902068435,0.9388115,-36.187443919927354,1.0304652,-17.281742437556076,1.2246822,-2.455796578487493,1.1064831,-9.256867146693178,0.8945322,nan,nan,355.4748625620518,-6.650669265054407
1636148068921376768,Gaia DR3 4043223083755577984,268.7658751036426,0.91079634,-33.158222739429725,0.8866003,-17.27964019720418,1.4789947,9.460034087818139,1.2435012,-13.789480963101148,0.810502,nan,nan,357.4053725992763,-3.897583403360476
1636148068921376768,Gaia DR3 4040674755149128064,267.4313684922994,1.3897678,-35.54726351127553,1.0984062,-17.278342844912572,1.632654,-5.140697614730576,1.2522662,1.1239334287133294,1.0616195,nan,nan,354.78077394861316,-4.155208929858239
1636148068921376768,Gaia DR3 5957645828930090880,265.5259477216293,1.6602259,-40.91901197835662,1.0242914,-17.277298958049442,1.8091211,-1.4488864630253988,2.1028914,-15.311155472187494,0.98313016,nan,nan,349.3866992738838,-5.641461006001373
1636148068921376768,Gaia DR3 4036911302873857408,268.447398221449,1.1840304,-37.338589622642886,1.111828,-17.274607829583704,1.8432144,10.666644023041524,1.7152814,-5.041987414078504,1.0753256,nan,nan,353.64270869915106,-5.764969045668992
