GAIA_midplane_stars.ecsv
# %ECSV 1.0
# ---
# delimiter: ','
# datatype:
# -
#   name: solution_id
#   datatype: int64
#   description: Solution Identifier
#   meta:
#     ucd: meta.version
# -
#   name: designation
#   datatype: string
#   description: Unique source designation (unique across all Data Releases)
#   meta:
#     ucd: meta.id;meta.main
# -
#   name: ra
#   datatype: float64
#   unit: deg
#   description: Right ascension
#   meta:
#     ucd: pos.eq.ra;meta.main
#     utype: stc:AstroCoords.Position3D.Value3.C1
#     CoosysSystem: ICRS
#     CoosysEpoch: J2016.0
# -
#   name: ra_error
#   datatype: float32
#   unit: mas
#   description: Standard error of right ascension
#   meta:
#     ucd: stat.error;pos.eq.ra
#     utype: stc:AstroCoords.Position3D.Error3.C1
# -
#   name: dec
#   datatype: float64
#   unit: deg
#   description: Declination
#   meta:
#     ucd: pos.eq.dec;meta.main
#     utype: stc:AstroCoords.Position3D.Value3.C2
#     CoosysSystem: ICRS
#     CoosysEpoch: J2016.0
# -
#   name: dec_error
#   datatype: float32
#   unit: mas
#   description: Standard error of declination
#   meta:
#     ucd: stat.error;pos.eq.dec
#     utype: stc:AstroCoords.Position3D.Error3.C2
# -
#   name: parallax
#   datatype: float64
#   unit: mas
#   description: Parallax
#   meta:
#     ucd: pos.parallax.trig
# -
#   name: parallax_error
#   datatype: float32
#   unit: mas
#   description: Standard error of parallax
#   meta:
#     ucd: stat.error;pos.parallax.trig
# -
#   name: pmra
#   datatype: float64
#   unit: mas.yr**-1
#   description: Proper motion in right ascension direction
#   meta:
#     ucd: pos.pm;pos.eq.ra
#     utype: stc:AstroCoords.Velocity3D.Value3.C1
# -
#   name: pmra_error
#   datatype: float32
#   unit: mas.yr**-1
#   description: Standard error of proper motion in right ascension direction
#   meta:
#     ucd: stat.error;pos.pm;pos.eq.ra
#     utype: stc:AstroCoords.Velocity3D.Error3.C1
# -
#   name: pmdec
#   datatype: float64
#   unit: mas.yr**-1
#   description: Proper motion in declination direction
#   meta:
#     ucd: pos.pm;pos.eq.dec
#     utype: stc:AstroCoords.Velocity3D.Value3.C2
# -
#   name: pmdec_error
#   datatype: float32
#   unit: mas.yr**-1
#   description: Standard error of proper motion in declination direction
#   meta:
#     ucd: stat.error;pos.pm;pos.eq.dec
#     utype: stc:AstroCoords.Velocity3D.Error3.C2
# -
#   name: radial_velocity
#   datatype: float32
#   unit: km.s**-1
#   description: Radial velocity
#   meta:
#     ucd: spect.dopplerVeloc.opt;em.opt.I
#     utype: stc:AstroCoords.Velocity3D.Value3.C3
# -
#   name: radial_velocity_error
#   datatype: float32
#   unit: km.s**-1
#   description: Radial velocity error
#   meta:
#     ucd: stat.error;spect.dopplerVeloc.opt;em.opt.I
#     utype: stc:AstroCoords.Velocity3D.Error3.C3
# -
#   name: l
#   datatype: float64
#   unit: deg
#   description: Galactic longitude
#   meta:
#     ucd: pos.galactic.lon
#     utype: stc:AstroCoords.Position2D.Value2.C1
# -
#   name: b
#   datatype: float64
#   unit: deg
#   description: Galactic latitude
#   meta:
#     ucd: pos.galactic.lat
#     utype: stc:AstroCoords.Position2D.Value2.C2
# meta:
#   name: votable
#   QUERY_STATUS: OK
#   QUERY: 'SELECT TOP 2000 gaia_source.solution_id,gaia_source.designation,gaia_source.ra,gaia_source.ra_error,gaia_source.dec,gaia_source.dec_error,gaia_source.parallax,gaia_source.parallax_error,gaia_source.pmra,gaia_source.pmra_error,gaia_source.pmdec,gaia_source.pmdec_error,gaia_source.radial_velocity,gaia_source.radial_velocity_error,gaia_source.l,gaia_source.b FROM gaiadr3.gaia_source  WHERE  CONTAINS(  POINT(''ICRS'',gaiadr3.gaia_source.ra,gaiadr3.gaia_source.dec),  CIRCLE(''ICRS'',265,-36,5) )=1  AND gaia_source.parallax IS NOT NULL  AND gaia_source.parallax !=0;'
#   JOBID: 1730384169343O
#   RELEASE: Gaia DR3
solution_id,designation,ra,ra_error,dec,dec_error,parallax,parallax_error,pmra,pmra_error,pmdec,pmdec_error,radial_velocity,radial_velocity_error,l,b
[from data line 1200]
1636148068921376768,Gaia DR3 4043502527257179008,268.0903877883284,0.8338258,-32.594298504005025,0.7904801,-18.85813265665351,1.4301069,-21.125355386875132,1.0745126,-30.824511074456673,0.71879816,nan,nan,357.60662702113285,-3.123317838031804
1636148068921376768,Gaia DR3 4041384494137405056,265.76599090180974,1.9152925,-34.81829459718861,1.3130091,-18.85223076150606,2.3856266,5.195725124078916,2.0934212,-19.01353921511651,1.2219899,nan,nan,354.70060617933177,-2.613263067569294
1636148068921376768,Gaia DR3 4040305765908339968,268.7378642404078,2.1452262,-36.792018195508874,1.5913697,-18.847369809901043,2.3553746,-7.442297259447805,2.070475,-19.318985799848644,1.4561393,nan,nan,354.23502139670194,-5.693402783564616
1636148068921376768,Gaia DR3 4043252834931553792,269.1737486717349,0.92015254,-33.354846157340205,0.67088306,-18.84640725871987,1.2879806,4.460015411044829,1.029986,-7.774725802914645,0.71819353,nan,nan,357.40551033984553,-4.291272977006632
1636148068921376768,Gaia DR3 4039869775204517888,267.92042780084927,2.1729245,-37.88188053361008,1.0484024,-18.844747563734575,2.1151812,-43.65181926560123,1.7541915,-39.20751869004718,0.9505168,nan,nan,352.95994285818625,-5.676127694895721
1636148068921376768,Gaia DR3 4041471179530650752,267.43730287972073,1.1482108,-35.0557574294516,0.8621493,-18.844067462380554,1.0989555,3.736527538292347,1.1796423,-10.890540050933964,0.775588,nan,nan,355.2070243879084,-3.9086105357574574
1636148068921376768,Gaia DR3 4039994397893198208,267.7161819894454,1.2298836,-36.873525921720976,1.2476349,-18.84275648365904,1.7430525,10.172205297379572,1.2560306,-8.471776485173669,1.0150946,nan,nan,353.75195422545835,-5.027050467690824
1636148068921376768,Gaia DR3 4053438165178708352,265.2214791906599,1.4682134,-34.2525340307726,1.0932777,-18.838545355306678,1.9702458,5.132274161608205,1.412144,-14.530936616937804,0.9831308,nan,nan,354.9455263745291,-1.9340046823696062
1636148068921376768,Gaia DR3 4038913925797507840,270.80162359526395,0.9980323,-35.87513905289333,1.0320024,-18.83800809634284,2.2479453,4.6351935259891155,0.9415431,-12.103591254641968,0.83196366,nan,nan,355.8579353378779,-6.694042228224626
1636148068921376768,Gaia DR3 4041108237591627904,266.5339213950113,1.5254828,-35.437452417802064,0.98165643,-18.83615088326723,1.7621163,-6.307513652165838,1.8589792,-12.095088606703921,1.0047292,nan,nan,354.4989601702316,-3.4719059279798907
1636148068921376768,Gaia DR3 4042083229458760320,269.4970148194654,1.9343641,-34.77341724634835,1.2289592,-18.834119282420552,2.0831113,10.47560444408381,1.6020257,-14.129168373891574,1.0258323,nan,nan,356.30275788334603,-5.227428330489737
1636148068921376768,Gaia DR3 5961080290889752832,265.9055892538154,2.0039604,-40.000841390814266,1.6105931,-18.82793794409754,2.5199864,-68.01937583791018,2.5750492,-6.623223272593238,1.4804462,nan,nan,350.3256449902467,-5.411185523825299
1636148068921376768,Gaia DR3 4040000479574652032,267.6820663430232,1.370381,-36.731601419539786,1.0908796,-18.825105221753763,1.2597325,4.141343004245756,1.435472,-15.909801372857315,0.9643489,nan,nan,353.860907980658,-4.931618447637689
1636148068921376768,Gaia DR3 4040686849873465600,267.83787810734447,1.1340079,-35.405257604573706,0.8998366,-18.823952156085486,1.0767539,3.1433926649089097,1.0462546,-19.896450418223033,0.7176035,nan,nan,355.0721616162702,-4.368087812759782
1636148068921376768,Gaia DR3 4040876622850684416,265.6985437011666,1.6870763,-36.73344572747688,0.9619217,-18.818944465726293,1.3892411,12.550976177102909,2.0697052,-8.352140153620308,0.7977392,nan,nan,353.0382318990105,-3.570035149964732
1636148068921376768,Gaia DR3 4040656342492975872,267.81141608856666,1.3653202,-35.671125011197056,1.0096601,-18.81847073732346,1.5653466,5.443160269664113,1.4193307,-7.1819835675960935,1.1479216,nan,nan,354.8313289836385,-4.484252561395905
1636148068921376768,Gaia DR3 4042037878867129344,270.1007282604379,1.3828038,-35.01814294213779,1.2760278,-18.81244992814795,1.6480064,-1.8464040244066748,1.2942071,-10.849085908392004,1.018937,nan,nan,356.3330276933227,-5.778941461988836
1636148068921376768,Gaia DR3 4039761718013672576,267.1058374991801,1.8556452,-38.0486177135846,1.329317,-18.80739393376967,2.0667598,1.5359605193472177,1.845565,-16.21071144586533,1.3081683,nan,nan,352.4886780123964,-5.206937536132115
1636148068921376768,Gaia DR3 4040563330770365440,269.15924581956307,0.83446914,-35.20031426137129,0.888265,-18.80270674822193,1.3227626,2.6758346395799033,0.9729491,-13.99257534368245,0.7686684,nan,nan,355.7927399001732,-5.19831246157943
1636148068921376768,Gaia DR3 4042399614107478912,269.18029816268125,0.9765128,-33.71519261096497,0.8561669,-18.796131953530367,1.2064526,9.2434391016097,1.0250385,-12.043458709160245,0.73867166,nan,nan,357.0948020169095,-4.475402608284364
1636148068921376768,Gaia DR3 4036830110753889408,268.8626509446958,1.4726573,-37.881097190617794,1.2390391,-18.794125940695942,1.7275434,12.902559725696088,1.5923499,-20.00338189528111,1.0792236,nan,nan,353.3338887100601,-6.320137907747259
1636148068921376768,Gaia DR3 4042327256612636672,269.7139306164822,0.7914834,-34.038768248760086,0.84195083,-18.792486754053144,1.4365076,12.85643328859392,1.1764631,-2.27169763002043,0.81108737,nan,nan,357.0329582884027,-5.020550726321375
1636148068921376768,Gaia DR3 4041360201777027200,265.7061360616409,1.659417,-34.91685214573271,1.5511138,-18.788922259619245,2.0011315,-7.958618307242127,1.7235638,-21.728872169224758,1.3467467,nan,nan,354.59082046245817,-2.623140940726508
1636148068921376768,Gaia DR3 4039843661746799488,267.37919220238444,1.6215482,-37.664229798258354,1.2889922,-18.786440301234556,1.7056895,21.152187745559974,1.8859706,-25.92150006584147,1.1622219,nan,nan,352.9312228167096,-5.196982838197123
1636148068921376768,Gaia DR3 4041011514827641472,266.6882014836407,1.6581525,-35.98178986091501,1.2773962,-18.78633735407215,2.216345,-0.38179065731749345,1.7418984,-19.006194546772143,1.1527787,nan,nan,354.09680102866855,-3.860398198610899
1636148068921376768,Gaia DR3 5958153562790062336,267.05827377325164,0.713513,-39.66297165817964,0.41315117,-18.786007422800775,0.71524376,1.3143187209349438,0.7901393,-15.125117184790648,0.37932366,nan,nan,351.07377062688647,-5.99729098899359
1636148068921376768,Gaia DR3 4041481831075333632,267.5974001107405,1.092513,-34.82419170509571,0.8508037,-18.7854909976147,1.5325085,5.0099718331007,1.1225886,-14.378146309094758,0.7975647,nan,nan,355.4737642096856,-3.9034510924568218
1636148068921376768,Gaia DR3 4041011824047753344,266.6802538534532,0.88569295,-35.94173498685533,0.77934057,-18.785342827442154,1.1391623,-4.554718418673464,1.006425,-10.587200228000768,0.6926876,nan,nan,354.1278672505032,-3.8342255058757595
1636148068921376768,Gaia DR3 4038890492434084096,270.6132752337543,1.0941013,-36.230293124664186,0.93836606,-18.782074551467208,1.4609879,0.7577424871222397,1.1727622,-11.828358522389427,0.92283875,nan,nan,355.47071795524664,-6.731903346000599
1636148068921376768,Gaia DR3 4040283642428020224,267.2294333113232,1.1105673,-35.98521449413256,0.9017402,-18.781648430588792,1.3973901,9.009439454239935,1.150933,-13.471322004780028,0.795473,nan,nan,354.31931839791633,-4.237957392286531
1636148068921376768,Gaia DR3 4040562231259062528,269.0298898970053,1.4548361,-35.25098172839348,1.2412611,-18.778899195779264,1.8698245,4.85674768402167,1.7222071,-11.898444979552592,1.1374362,nan,nan,355.6958893405214,-5.131760624342974
1636148068921376768,Gaia DR3 5958195550398080640,266.87191832810834,0.9417858,-39.63725498296773,0.7175752,-18.776613788285886,1.0175654,-6.599339621064675,0.8638869,-4.985810540428534,0.63779354,nan,nan,351.0225447027436,-5.860713902924992
1636148068921376768,Gaia DR3 4042004030222481664,269.6655170843126,1.1112226,-35.329483346062666,1.2005006,-18.775970075716057,1.8914044,2.735055168213546,1.2431463,-19.749685873113258,1.003243,nan,nan,355.8850462829796,-5.621527526184103
1636148068921376768,Gaia DR3 4041376316568136960,265.4959350070127,0.8623941,-34.816090057678245,0.8604199,-18.775207032449632,1.0283633,2.593509652176749,1.39118,-13.958530941899665,0.7791737,nan,nan,354.5858925041198,-2.423457078946593
1636148068921376768,Gaia DR3 4036839594133882880,268.88070708142925,1.4291209,-37.77547695763991,1.2367098,-18.772471835966567,2.013277,7.684435788300473,1.83816,-11.086398048863895,1.2914549,nan,nan,353.4333175281302,-6.28023814342527
1636148068921376768,Gaia DR3 4041807325017752064,266.5429912113498,1.5910745,-34.07931809360206,0.95509833,-18.771966271984432,1.9803077,-4.766874738955148,1.5891795,-11.380874454076263,0.97138244,nan,nan,355.66630865999457,-2.774808817078334
1636148068921376768,Gaia DR3 4039969938011790464,267.5657274552205,0.9093729,-36.990726266739784,0.75341827,-18.769889910700964,1.0054116,10.387691361121234,1.0366522,-20.141170390874613,0.64299875,nan,nan,353.5893496341519,-4.982770865871331
1636148068921376768,Gaia DR3 4040238802997901184,266.9965112653113,1.1936289,-36.28050954447971,0.9906924,-18.765447639987684,1.3053037,0.7810371508140918,1.2797953,-14.411590222848439,0.8906849,nan,nan,353.96838885903304,-4.22759376462475
1636148068921376768,Gaia DR3 5957921531466682496,267.794586827594,1.5823551,-40.30104026989001,1.2027283,-18.76531261436242,1.6039133,-10.817149318850577,1.84042,-7.9903103358401335,1.0954081,nan,nan,350.8060235710286,-6.806390440415618
1636148068921376768,Gaia DR3 5958058214507279616,266.12934434430014,0.976016,-40.367559098976315,0.8260789,-18.76434024391582,1.3784662,15.249529477650228,1.0743549,-21.351338577201027,0.75135875,nan,nan,350.09911927424264,-5.747153301716573
1636148068921376768,Gaia DR3 4040755294296082688,268.87440116818226,0.9187901,-35.114285436976616,0.9782402,-18.76130619506613,1.1771591,-7.592299928058126,1.2627939,0.840184917372785,0.8664367,nan,nan,355.7513843382297,-4.953490342788306
1636148068921376768,Gaia DR3 5958063643395461632,266.31990386900077,1.2450534,-40.23496182470239,1.0739961,-18.75557983075434,1.6650252,-7.202675357247345,1.4705403,-18.19348084531979,1.0159489,nan,nan,350.28859832973785,-5.803405680669411
1636148068921376768,Gaia DR3 4053281793991221248,264.6949863307123,0.8507068,-35.093985758655116,1.1258477,-18.754981582186936,1.4030411,-13.35139377000449,1.2998102,-16.089135817320404,1.054156,nan,nan,354.00202497759864,-2.0138582380376047
1636148068921376768,Gaia DR3 4040102360437316864,266.05462089472053,1.5957566,-37.11303683116219,1.096996,-18.75168666310483,2.1173294,-27.67700049524587,1.7024931,-19.312297415835296,0.9950382,nan,nan,352.8625866198409,-4.010949084694788
1636148068921376768,Gaia DR3 4038991029173531520,270.7315350717997,1.1270335,-35.57382212224072,0.9174375,-18.751315568439043,1.816384,-13.131086603462867,1.1861105,-20.973826196811427,0.8321914,nan,nan,356.09603736044323,-6.49888808854406
1636148068921376768,Gaia DR3 4043170719471188608,269.00611585690797,0.8338174,-33.36221932642404,0.7517656,-18.74453372957713,1.3194546,15.869889192553668,1.1741997,-2.326269948662767,0.77311236,nan,nan,357.32908567285045,-4.173588881268529
1636148068921376768,Gaia DR3 4053818527550392192,265.9549829084068,0.6129402,-33.78190680512014,0.65580755,-18.743549287185733,0.7668723,-4.086044619795673,0.8380588,-6.704046043452037,0.57710475,nan,nan,355.6660893074644,-2.2034269311998895
1636148068921376768,Gaia DR3 4041670706545866112,267.8945015833568,1.1196716,-34.01798303819667,0.94946504,-18.73686525264531,1.3129721,1.6684880109058216,1.2947701,-18.695964832122826,0.8757186,nan,nan,356.2944051610242,-3.7045846293691755
1636148068921376768,Gaia DR3 4042264446986527488,269.38460423918946,0.98571235,-34.819036864054816,0.7805361,-18.73215840246851,1.2669115,-0.14601910073666652,1.1259636,-12.289882313219312,0.7457854,nan,nan,356.2171171834019,-5.16973791900232
1636148068921376768,Gaia DR3 4043534348556464256,268.45197841144216,0.7440384,-32.65107248529807,0.42855662,-18.731400935768306,0.7763038,-0.13802647911450935,0.82961994,-13.53573962965876,0.5285356,nan,nan,357.71183352392603,-3.4147606072677577
1636148068921376768,Gaia DR3 4043232287980365824,268.4854657176387,2.0604343,-33.191828007666956,1.4263606,-18.730679353727997,2.3024292,15.020665962348655,1.5629407,-9.082734970146143,1.1773759,nan,nan,357.2580527666619,-3.7115526591227064
1636148068921376768,Gaia DR3 4053835535523983488,265.68308860276164,0.9290126,-33.62425556966371,0.6561043,-18.728196171610936,0.9887198,-13.219456653069383,1.1848882,-20.19179372901492,0.5592255,nan,nan,355.681716895084,-1.9281556168909815
1636148068921376768,Gaia DR3 4036584129412089600,268.85683065696645,0.9251109,-38.62096036995574,0.56776583,-18.72283649739707,1.258784,-10.888648973700942,0.69669926,-6.382589373160272,0.5525815,nan,nan,352.684403666779,-6.682072526092369
1636148068921376768,Gaia DR3 4041111849572073856,266.6231443266108,1.759436,-35.362311032463886,1.3790252,-18.720479604734457,2.0953743,24.76669685506085,2.073636,8.927847291833846,1.3165057,nan,nan,354.6010740328688,-3.495291269079694
1636148068921376768,Gaia DR3 4042399098711987200,269.237132136547,1.119874,-33.707654643486904,1.0470564,-18.7179990114529,1.7795286,-5.498612381805068,1.204714,-15.733795372181625,1.0791029,nan,nan,357.1249500843456,-4.5126666282250225
1636148068921376768,Gaia DR3 4041351577475013760,265.50102755461717,1.2274674,-35.078328092096115,0.908048,-18.71670539253054,1.3605571,-13.67623339492603,1.4472259,-17.932862749861204,0.8657335,nan,nan,354.36491264529855,-2.56504317269686
1636148068921376768,Gaia DR3 4040728184481124352,268.7268631860393,1.5466641,-35.317340805689504,1.2438318,-18.71628625151171,1.8461894,-16.22574226891173,1.4544684,-0.5289030806523729,1.055506,nan,nan,355.51438370755335,-4.950375743056434
1636148068921376768,Gaia DR3 4042392471470404224,269.1706553202631,1.1964898,-33.801881198175735,1.0468894,-18.708751466973705,2.209717,-16.903554803438404,1.195883,-22.833907219655917,1.0108465,nan,nan,357.0153754511293,-4.511587215045956
1636148068921376768,Gaia DR3 4040463481278112000,269.23654676235685,1.0237901,-35.92183552280441,0.9573297,-18.70696902855017,1.405599,-12.492157160512315,1.2934921,-12.857751593054449,0.94693625,nan,nan,355.1944657262253,-5.610370555103934
1636148068921376768,Gaia DR3 4041609340089872640,268.4152631390415,1.0116378,-34.184764197860304,0.7649291,-18.705124097257112,1.3284371,-18.768047905134825,1.1188676,-26.825379050029035,0.72608244,nan,nan,356.3686161111018,-4.160961970914591
1636148068921376768,Gaia DR3 4043215383030182400,268.71651799634685,1.4768093,-33.297275997037154,1.1459942,-18.705076765660984,1.9008081,-7.070617954023782,1.7061628,-18.331609399490958,1.145297,nan,nan,357.2640366552449,-3.931608253300623
1636148068921376768,Gaia DR3 4040615003500810368,268.14709453440025,1.0317023,-35.8034689719313,1.1116165,-18.703543415878887,1.3042063,3.1744142456565463,1.1990169,-4.822153536287793,0.92309994,nan,nan,354.85486779160885,-4.786254147169495
1636148068921376768,Gaia DR3 4041354772932093312,265.44582758657043,1.1035372,-35.05176639280478,0.87763697,-18.70135216934238,1.4116613,-10.134291368573699,1.3944662,-30.848433848404852,0.78544307,nan,nan,354.3637043305527,-2.512646543589055
1636148068921376768,Gaia DR3 4042492385255158656,269.44078782158897,1.3080149,-33.573624647678265,0.95952386,-18.695149234518954,1.8299814,-9.04263501861706,1.6083742,-24.310166763440055,0.9655887,nan,nan,357.3261047745917,-4.5933058826304345
1636148068921376768,Gaia DR3 4036822036315019520,269.0047130776834,2.3802943,-37.97681743737826,1.8654158,-18.694681045936413,2.1576903,1.6721646144695936,1.968253,-10.441045898926347,1.5153981,nan,nan,353.3059113800342,-6.464863913170881
