GAIA_midplane_stars.ecsv
# %ECSV 1.0
# ---
# delimiter: ','
# datatype:
# -
#   name: solution_id
#   datatype: int64
#   description: Solution Identifier
#   meta:
#     ucd: meta.version
# -
#   name: designation
#   datatype: string
#   description: Unique source designation (unique across all Data Releases)
#   meta:
#     ucd: meta.id;meta.main
# -
#   name: ra
#   datatype: float64
#   unit: deg
#   description: Right ascension
#   meta:
#     ucd: pos.eq.ra;meta.main
#     utype: stc:AstroCoords.Position3D.Value3.C1
#     CoosysSystem: ICRS
#     CoosysEpoch: J2016.0
# -
#   name: ra_error
#   datatype: float32
#   unit: mas
#   description: Standard error of right ascension
#   meta:
#     ucd: stat.error;pos.eq.ra
#     utype: stc:AstroCoords.Position3D.Error3.C1
# -
#   name: dec
#   datatype: float64
#   unit: deg
#   description: Declination
#   meta:
#     ucd: pos.eq.dec;meta.main
#     utype: stc:AstroCoords.Position3D.Value3.C2
#     CoosysSystem: ICRS
#     CoosysEpoch: J2016.0
# -
#   name: dec_error
#   datatype: float32
#   unit: mas
#   description: Standard error of declination
#   meta:
#     ucd: stat.error;pos.eq.dec
#     utype: stc:AstroCoords.Position3D.Error3.C2
# -
#   name: parallax
#   datatype: float64
#   unit: mas
#   description: Parallax
#   meta:
#     ucd: pos.parallax.trig
# -
#   name: parallax_error
#   datatype: float32
#   unit: mas
#   description: Standard error of parallax
#   meta:
#     ucd: stat.error;pos.parallax.trig
# -
#   name: pmra
#   datatype: float64
#   unit: mas.yr**-1
#   description: Proper motion in right ascension direction
#   meta:
#     ucd: pos.pm;pos.eq.ra
#     utype: stc:AstroCoords.Velocity3D.Value3.C1
# -
#   name: pmra_error
#   datatype: float32
#   unit: mas.yr**-1
#   description: Standard error of proper motion in right ascension direction
#   meta:
#     ucd: stat.error;pos.pm;pos.eq.ra
#     utype: stc:AstroCoords.Velocity3D.Error3.C1
# -
#   name: pmdec
#   datatype: float64
#   unit: mas.yr**-1
#   description: Proper motion in declination direction
#   meta:
#     ucd: pos.pm;pos.eq.dec
#     utype: stc:AstroCoords.Velocity3D.Value3.C2
# -
#   name: pmdec_error
#   datatype: float32
#   unit: mas.yr**-1
#   description: Standard error of proper motion in declination direction
#   meta:
#     ucd: stat.error;pos.pm;pos.eq.dec
#     utype: stc:AstroCoords.Velocity3D.Error3.C2
# -
#   name: radial_velocity
#   datatype: float32
#   unit: km.s**-1
#   description: Radial velocity
#   meta:
#     ucd: spect.dopplerVeloc.opt;em.opt.I
#     utype: stc:AstroCoords.Velocity3D.Value3.C3
# -
#   name: radial_velocity_error
#   datatype: float32
#   unit: km.s**-1
#   description: Radial velocity error
#   meta:
#     ucd: stat.error;spect.dopplerVeloc.opt;em.opt.I
#     utype: stc:AstroCoords.Velocity3D.Error3.C3
# -
#   name: l
#   datatype: float64
#   unit: deg
#   description: Galactic longitude
#   meta:
#     ucd: pos.galactic.lon
#     utype: stc:AstroCoords.Position2D.Value2.C1
# -
#   name: b
#   datatype: float64
#   unit: deg
#   description: Galactic latitude
#   meta:
#     ucd: pos.galactic.lat
#     utype: stc:AstroCoords.Position2D.Value2.C2
# meta:
#   name: votable
#   QUERY_STATUS: OK
#   QUERY: 'SELECT TOP 2000 gaia_source.solution_id,gaia_source.designation,gaia_source.ra,gaia_source.ra_error,gaia_source.dec,gaia_source.dec_error,gaia_source.parallax,gaia_source.parallax_error,gaia_source.pmra,gaia_source.pmra_error,gaia_source.pmdec,gaia_source.pmdec_error,gaia_source.radial_velocity,gaia_source.radial_velocity_error,gaia_source.l,gaia_source.b FROM gaiadr3.gaia_source  WHERE  CONTAINS(  POINT(''ICRS'',gaiadr3.gaia_source.ra,gaiadr3.gaia_source.dec),  CIRCLE(''ICRS'',265,-36,5) )=1  AND gaia_source.parallax IS NOT NULL  AND gaia_source.parallax !=0;'
#   JOBID: 1730384169343O
#   RELEASE: Gaia DR3
solution_id,designation,ra,ra_error,dec,dec_error,parallax,parallax_error,pmra,pmra_error,pmdec,pmdec_error,radial_velocity,radial_velocity_error,l,b
[from data line 467]
1636148068921376768,Gaia DR3 4053961326535109120,266.2862407073402,2.400929,-33.2795343954982,1.2241943,-22.395333598966346,2.2661276,17.121188536290628,2.0772948,-11.53580782302654,1.0909661,nan,nan,356.2391421945987,-2.1766633317339044
1636148068921376768,Gaia DR3 5958205102374960512,267.10582092917366,1.0558766,-39.370716183214036,0.811589,-22.387660011872644,1.0827353,5.799656111267998,0.9917273,-19.357872519810538,0.6863508,nan,nan,351.345534906956,-5.880271784450632
1636148068921376768,Gaia DR3 4040039276034276992,266.54412615665547,1.2746053,-37.40148640718433,1.0919687,-22.380414588699004,1.6813738,6.785610845973681,1.3213767,-14.198748795297645,0.95467645,nan,nan,352.8175015878668,-4.493625084644789
1636148068921376768,Gaia DR3 4040760036113346304,269.10162379127144,1.0174297,-34.988234535928356,1.2388265,-22.366776900486784,1.7410858,0.014517849434884905,1.240486,-19.146255948966413,1.0698508,nan,nan,355.95406788548036,-5.052087921101176
1636148068921376768,Gaia DR3 4040476881590969856,269.7930159723207,1.051014,-35.83109334780948,0.78094614,-22.365217413428436,1.1201018,4.898297116182815,1.2542348,-17.11966224441935,0.77151376,nan,nan,355.49699338260075,-5.958147377859382
1636148068921376768,Gaia DR3 4041608622746721024,268.35436886704446,1.5549428,-34.19658356966411,1.5584912,-22.356876174536627,2.5376205,1.1037759739361017,1.4641722,-8.43933601268382,1.369063,nan,nan,356.33294974591695,-4.123393555310861
1636148068921376768,Gaia DR3 4041037731318102656,266.85068735199593,1.5214115,-35.79735258165871,1.0856385,-22.342003345879185,1.9038004,4.904991767474967,1.8080041,-25.03083402291353,1.0827293,nan,nan,354.3232121161975,-3.8782024097211902
1636148068921376768,Gaia DR3 4041147446213436032,265.36008838520235,1.2887785,-36.09684457857228,0.9017699,-22.33330280806909,1.3836861,12.111890197876832,1.3685027,-18.059534286420266,0.8004768,nan,nan,353.4375887315451,-3.0039232082793546
1636148068921376768,Gaia DR3 4040480523726577280,269.9369299362395,0.9557641,-35.658327208350386,1.0451025,-22.333282459386353,1.3147275,8.621654233734324,1.0450356,-14.690898225960481,0.7696881,nan,nan,355.7059568209206,-5.975397148572943
1636148068921376768,Gaia DR3 4036800492636182016,268.6674548240425,1.104047,-38.20749306049607,0.8641593,-22.31410612096412,1.2295606,-12.242314754468348,1.1348805,-1.7736997071372862,0.7898153,nan,nan,352.97200590354237,-6.348421951741007
1636148068921376768,Gaia DR3 4040948469069041152,265.14447523912173,1.2711483,-36.41177769239876,1.1994863,-22.291217365462874,1.0390469,-3.8725062772574725,1.4901767,1.9739548884333629,1.1363865,nan,nan,353.07782499602183,-3.022396968609652
1636148068921376768,Gaia DR3 4040899540722255488,266.37735281347364,1.4299293,-36.50571316958493,1.1687765,-22.290546205000297,1.5369772,-15.41683029060887,1.8961287,-3.435292507109469,1.0464889,nan,nan,353.5173753889691,-3.916576718230586
1636148068921376768,Gaia DR3 4040417576734512000,268.5126047357599,1.469733,-36.089293535291844,1.184354,-22.2743381514387,1.4391488,6.157456887104115,1.5886737,-17.265637552640513,1.0214927,nan,nan,354.7558924167969,-5.185669627240161
1636148068921376768,Gaia DR3 4039900119042873600,267.9588871632499,1.2358634,-37.32120516581975,0.8598553,-22.272102158681914,1.5720574,-6.143993914173027,1.2175579,-26.649403512691443,0.8601922,nan,nan,353.46207714646863,-5.420190690365625
1636148068921376768,Gaia DR3 4043173670219523712,268.83027119796424,1.4180254,-33.35097375353554,1.4580932,-22.250554030287994,1.7305452,4.142000109783171,1.3051413,-0.8834804237058873,1.2320701,nan,nan,357.2652143115304,-4.040770820231286
1636148068921376768,Gaia DR3 4036648893273872128,268.0964251062867,1.3421843,-38.97347579780043,1.5311185,-22.249197843671283,2.0914338,6.176854870959351,1.4266422,-17.09842817414928,1.2485789,nan,nan,352.08002906650603,-6.343087607375338
1636148068921376768,Gaia DR3 4040815870587020288,268.2175578484774,0.99801624,-34.78711161876644,0.5170244,-22.248526218021436,1.0843875,-0.6365039506133691,0.7337063,-6.1600948036124,0.45723957,nan,nan,355.76453553455866,-4.323633735089793
1636148068921376768,Gaia DR3 5958148099592039168,267.21110776549307,1.4589876,-39.79755209369697,1.3135322,-22.24730702637714,1.3116142,-5.394219402548926,1.5454983,-9.498785529920044,1.0660143,nan,nan,351.0171823854642,-6.166881579196246
1636148068921376768,Gaia DR3 5958058145788001792,266.09256870869325,1.728629,-40.37875229733442,1.2737623,-22.24483646071528,2.0288334,-14.265069293434976,1.9108946,-27.48537221607537,1.1885152,nan,nan,350.07495109566247,-5.728932705504729
1636148068921376768,Gaia DR3 5960664813019588224,265.1971778413939,1.3112713,-40.73502492213095,1.1485292,-22.244567580979673,1.4856824,2.2590604821162366,1.3135253,-18.93246297293439,0.99262863,nan,nan,349.41375692177644,-5.333215986179375
1636148068921376768,Gaia DR3 4041837282589210496,266.4047994259519,1.2621022,-33.65760787728018,0.7640239,-22.242203025927658,1.4189473,4.2811557907110895,1.1496067,-8.2771876017518,0.6819398,nan,nan,355.96751330603854,-2.457838119775648
1636148068921376768,Gaia DR3 4041028660356180992,266.5114837545078,1.2811648,-35.82327867999419,1.2283711,-22.222169081638196,1.5739954,-7.985534203840989,1.540842,-11.194975236007501,1.0972294,nan,nan,354.15870971199257,-3.65594824407776
1636148068921376768,Gaia DR3 4036609246394135424,269.62427880409854,1.1049492,-38.296329074565854,1.0885856,-22.21914991755364,1.4669603,6.854830283772927,1.3594279,-13.830587744747582,0.99584705,nan,nan,353.26641378436335,-7.046259967519673
1636148068921376768,Gaia DR3 4043230505438519168,268.4819293855409,1.182891,-33.23706926542479,1.1896478,-22.213011333965234,1.894152,-11.671620074256808,1.2272437,-16.991564074829054,0.9970475,nan,nan,357.2173912396618,-3.7317796442430855
1636148068921376768,Gaia DR3 4036778536848882176,268.56355631520375,1.3320293,-38.493783778336734,0.99556434,-22.206534402975574,1.650593,-13.04779584210469,1.2031788,-0.9354813632626947,0.8789495,nan,nan,352.6812410034504,-6.419853359513612
1636148068921376768,Gaia DR3 4037121481353298304,271.0146949110325,1.4196284,-36.986057079017904,0.88515896,-22.17737498747355,1.8258824,-0.7217630894836646,1.8071431,-2.746843481683282,1.0337926,nan,nan,354.95881379708896,-7.3775956930723225
1636148068921376768,Gaia DR3 4041528835237915264,267.0498589115812,1.0267842,-34.79064252786416,0.9574779,-22.175391780593895,1.6184949,-8.522563638256596,1.2345744,-8.767650571176091,0.9372318,nan,nan,355.27219929306733,-3.4999890385572225
1636148068921376768,Gaia DR3 4040887927116377984,265.8224946888134,1.4859641,-36.56535885003397,1.1578792,-22.162807684845905,1.7506819,12.62319169783615,1.6636345,-18.337659528744958,1.0167954,nan,nan,353.23388733949605,-3.566875340019299
1636148068921376768,Gaia DR3 4040161493561987328,267.3155469315861,1.2954046,-36.85274283815251,1.1722817,-22.154857852847027,1.2885172,-5.66378530300305,1.8691185,1.7479120851447616,1.105806,nan,nan,353.6065153806711,-4.74038642390161
1636148068921376768,Gaia DR3 5961739306391665792,262.68127844335754,1.0784341,-39.3062479722629,0.8224159,-22.154758359561416,1.2168417,18.668926310557726,1.7495415,6.761734707531613,1.0447094,nan,nan,349.5872830599355,-2.940976090883284
1636148068921376768,Gaia DR3 4040819448272324224,268.23482885934607,1.1818824,-34.62537321136687,1.1037588,-22.132433619088513,1.4699122,-6.38666569719579,1.6544034,-7.627894955575609,0.98961484,nan,nan,355.91177498954636,-4.254332209299988
1636148068921376768,Gaia DR3 4040682005145558528,268.0246817721814,1.2429852,-35.48338969655039,1.0567055,-22.132378721245125,1.6524389,1.8534875172233918,1.2546607,-10.800544243610398,0.9375673,nan,nan,355.0817976151552,-4.538887755886626
1636148068921376768,Gaia DR3 4041674039433501312,268.04660832363084,1.7938061,-33.9779231025281,1.217611,-22.120076207771667,2.6197906,-9.591876787003848,2.0784364,-23.93882554427605,1.689789,nan,nan,356.39308017886145,-3.792971230529875
1636148068921376768,Gaia DR3 4040688056541398528,268.0675141456828,1.0980419,-35.434854181820704,0.90763193,-22.116148237494098,1.5519664,-6.225252277871535,1.2401338,-16.322574848996645,0.93929905,nan,nan,355.14149557822657,-4.544489917046787
1636148068921376768,Gaia DR3 4053906591552932352,265.4603627623648,0.9454171,-33.27164859902032,0.85460865,-22.114127366852045,1.3463112,-12.94541714619477,1.0690839,-18.13354200009966,0.80772376,nan,nan,355.88375022552174,-1.5845152021905302
1636148068921376768,Gaia DR3 4037314823650998272,269.3693218160467,1.3128844,-36.82212858351025,1.2343619,-22.10969421484534,1.7111182,2.7208982272643216,1.2918693,-9.88909437379869,1.0347359,nan,nan,354.46030730175517,-6.1476104049466835
1636148068921376768,Gaia DR3 4040643113987507584,268.24325200592284,1.1193022,-35.40510888445721,0.8384767,-22.10796045334977,1.6104131,19.52246136437167,1.3406711,-2.2220364230991754,0.89754903,nan,nan,355.23970020582,-4.653176065828615
1636148068921376768,Gaia DR3 4040535220167231744,268.8098308983812,2.0561035,-35.494663947205815,1.1006067,-22.10635586447279,2.035372,-7.436728442047696,1.5253415,-7.724305636924431,1.0286273,nan,nan,355.3940162031484,-5.097478792007368
1636148068921376768,Gaia DR3 4041755063887491456,266.7540565691559,0.93434656,-34.22535279760952,0.78168064,-22.102765102599715,1.172312,-9.499693088389883,1.070595,-14.56472613055358,0.7037156,nan,nan,355.63169276658607,-2.9998406356131837
1636148068921376768,Gaia DR3 4043221395987256832,268.76798513350127,1.0654868,-33.26521461955553,1.0867653,-22.100968441011226,1.5435714,-6.448228458526913,1.1498463,-10.429440815291983,0.9187746,nan,nan,357.3134692857313,-3.952753490964267
1636148068921376768,Gaia DR3 4042101719326125824,270.1755410159428,1.0704502,-34.56471737103425,0.9186792,-22.09546345560278,1.2988052,7.621554867581286,1.1434426,-19.04774225805998,0.7977247,nan,nan,356.7607545067062,-5.610950831000132
1636148068921376768,Gaia DR3 4041316633590847360,266.0376276821631,0.9666485,-35.201993313958,0.76387477,-22.0874199615481,1.1526964,-14.00509770953617,1.0140384,-15.151759526612503,0.68474406,nan,nan,354.48968459395775,-3.003573855064572
1636148068921376768,Gaia DR3 4038700689311919488,271.0974244279783,1.0868939,-36.31468575463456,1.1174575,-22.079648692216356,1.731969,-8.402749825657944,1.5087523,-8.863528711236482,1.037002,nan,nan,355.58515184478875,-7.114750815256529
1636148068921376768,Gaia DR3 4043177041712555520,268.24289422999425,1.5932481,-33.82782917890217,1.0596578,-22.06689067101491,2.0778482,8.25130901918418,1.1747563,-14.636998055302866,0.90105975,nan,nan,356.60542492680725,-3.8576209488193607
1636148068921376768,Gaia DR3 4036979575631542912,270.4571383217437,1.2363582,-37.71287924360438,1.3512131,-22.057762544612263,1.8288635,0.9870699664697296,1.5418768,-11.753414999288951,1.2197784,nan,nan,354.10139759373334,-7.337481402374596
1636148068921376768,Gaia DR3 5961513979518942848,265.83267282609773,2.0129256,-38.289485419260835,1.2881904,-22.05666786959485,1.843401,-6.549109151901992,1.9895813,-12.957247193134666,1.1831529,nan,nan,351.76368252499844,-4.473432309905018
1636148068921376768,Gaia DR3 4040561608457986176,268.9818845516639,1.0570997,-35.306279551451176,0.91698444,-22.055194028188605,1.4260736,-2.080661075678911,1.1690683,-19.879461341504587,0.91248524,nan,nan,355.6281540385625,-5.12526131064574
1636148068921376768,Gaia DR3 4040231931048486144,267.02436551797774,1.0034876,-36.48892291413092,0.86757404,-22.051637988006444,1.1431075,-5.493847848855647,1.2516501,-5.3416285691527525,0.71852785,nan,nan,353.8004796810823,-4.353702063837008
1636148068921376768,Gaia DR3 4040104181499883776,265.801699561802,0.778836,-37.151547248648804,0.76753825,-22.038093692532065,0.6746159,-3.598384729875583,0.7474245,-1.3798480085247813,0.6068215,nan,nan,352.7242963204104,-3.858937351013448
1636148068921376768,Gaia DR3 4043142097795308800,268.9160968168055,0.88629454,-33.82469120560807,1.0019321,-22.033614938833303,1.4609116,6.495405065788823,0.9616058,-8.106402196307787,0.772982,nan,nan,356.8897706258828,-4.339626579845631
1636148068921376768,Gaia DR3 4053445346370316672,265.46119462949537,1.7299666,-34.068173487523964,1.6425484,-22.023133338740614,2.2896576,2.173178332321844,2.0067437,-2.617063932861962,1.4093981,nan,nan,355.2069846128245,-2.005100552664261
1636148068921376768,Gaia DR3 4043263692667928320,269.52778279332136,1.138735,-33.038254431478116,1.1157038,-22.013846071126668,1.624191,-8.231023972782284,1.37,-16.580740899305386,0.9971995,nan,nan,357.82866413232813,-4.3910904051620925
1636148068921376768,Gaia DR3 4040402900943696128,268.4741530087212,0.89860874,-36.26684753346769,0.80811065,-21.988284328446277,0.9468447,-3.701701348535668,0.95689505,-0.9586232433463071,0.69680196,nan,nan,354.5859381597059,-5.247662341824741
1636148068921376768,Gaia DR3 4041646143532326400,267.68942025246173,1.0817705,-34.101574519904545,0.9842342,-21.985648435026377,1.1752481,-12.24245202719752,1.3666289,-10.900146135488447,0.9570299,nan,nan,356.1357268913557,-3.600771996587067
1636148068921376768,Gaia DR3 4041202524996439168,265.3216825304071,2.4799209,-35.546687798332606,1.5443165,-21.98500549974507,2.562617,-12.630081598300707,3.1321232,-22.416360445261585,1.4223019,nan,nan,353.8892301903411,-2.687433869476086
1636148068921376768,Gaia DR3 4041093295369454464,266.1671227133573,1.5711735,-35.579743773514345,1.2592527,-21.983464850572464,1.4681127,15.166958196657276,1.7269315,-16.156838502215443,1.1630062,nan,nan,354.2218897795553,-3.290526663150086
1636148068921376768,Gaia DR3 4040207290860861184,267.42841995476573,1.123094,-36.43677253988923,1.0382447,-21.97019185039115,1.4841421,-0.3400827959612308,1.3078765,-15.015388043710235,0.93351924,nan,nan,354.01195203616527,-4.606425982347042
1636148068921376768,Gaia DR3 4053825193235941248,265.5736464111841,1.4216963,-33.88348190562691,1.2078556,-21.964756111484725,1.602318,-8.447123453154159,1.6417824,-19.445369232895448,1.0290406,nan,nan,355.4132233707984,-1.9870918408768494
1636148068921376768,Gaia DR3 5961334071968245632,266.63940882818986,1.464494,-38.35250057450506,1.241089,-21.962900770255644,2.1006093,3.8774284929376837,1.7563103,-12.384579689602461,1.1762396,nan,nan,352.03818083783324,-5.047654804213236
1636148068921376768,Gaia DR3 4043154944167201536,269.0384287011668,1.0257539,-33.5829589794418,1.1444678,-21.954346302940902,2.0188944,-1.6909362479174728,1.1961156,-13.985351660130455,1.0087665,nan,nan,357.1507727125396,-4.307121022817366
1636148068921376768,Gaia DR3 4042109656428381568,269.6516435743114,1.1246526,-34.59142912983632,0.8405972,-21.949650010986897,1.273295,5.1648258927984685,1.2789799,-11.27764467060708,0.8523726,nan,nan,356.52471619699656,-5.248234254103303
1636148068921376768,Gaia DR3 4038938286876014720,270.9228492659502,1.465239,-35.74911901477194,0.98613745,-21.939509214695498,1.6764264,10.409593074143439,1.1583108,-16.44650901455128,0.92073035,nan,nan,356.01680159028865,-6.719557146518531
1636148068921376768,Gaia DR3 4036621066164848128,268.98376689276046,2.2587311,-38.268894681537006,1.9607254,-21.924594884136653,3.2756386,-20.361922321110143,2.3364341,-23.257189496790428,1.7122159,nan,nan,353.04204735827165,-6.594697826243305
1636148068921376768,Gaia DR3 4043170375873259648,269.0435844766769,1.2384906,-33.3910092796154,1.2554257,-21.923034981876672,2.2477279,-3.5426402611463277,1.3493713,-16.94527017910783,1.2145461,nan,nan,357.3197337045405,-4.215072278357973
1636148068921376768,Gaia DR3 4039979799259044864,267.82828140706243,0.83277124,-37.01064768420389,0.6728469,-21.919236307016142,1.1182494,8.723511514912387,0.92266077,-16.704167164523458,0.62956345,nan,nan,353.67867078724,-5.173684589026843
1636148068921376768,Gaia DR3 4040646034617558400,267.65534550277437,1.1737183,-35.91722231672785,0.8593661,-21.905727635902508,1.8407757,-1.4839066964063694,1.623693,-13.714541998342472,0.99432063,nan,nan,354.55417723794744,-4.49998735757436
