DATA/Berkley_97.ecsv
# %ECSV 1.0
# ---
# datatype:
# - name: RA_d
#   unit: deg
#   datatype: float64
#   format: '{:11.8f}'
#   description: Right ascension
#   meta: !!omap
#   - {ucd: pos.eq.ra;meta.main}
#   - {width: 11}
#   - {precision: '8'}
# - name: DEC_d
#   unit: deg
#   datatype: float64
#   format: '{:12.8f}'
#   description: Declination
#   meta: !!omap
#   - {ucd: pos.eq.dec;meta.main}
#   - {width: 12}
#   - {precision: '8'}
# - {name: l, unit: deg, datatype: float64}
# - {name: b, unit: deg, datatype: float64}
# meta: {ID: simbad, description: '... query string ...', name: simbad query}
# schema: astropy-2.0
RA_d DEC_d l b
339.8238639543 59.01682794708 106.63306711519697 0.39182343686604953
339.8238639543 59.01682794708 106.63306711519697 0.39182343686604953
339.8238639543 59.01682794708 106.63306711519697 0.39182343686604953
340.10270638388 58.97391155502 106.73806283299166 0.28482470644586966
340.10270638388 58.97391155502 106.73806283299166 0.28482470644586966
339.86094036589 58.99537459596 106.63936036763845 0.36380269688152556
339.86094036589 58.99537459596 106.63936036763845 0.36380269688152556
339.86094036589 58.99537459596 106.63936036763845 0.36380269688152556
339.8333880800699 58.91732432158 106.58908728943938 0.3024314594435699
339.8333880800699 58.91732432158 106.58908728943938 0.3024314594435699
339.8333880800699 58.91732432158 106.58908728943938 0.3024314594435699
339.87291649698 58.99751665854 106.64579456682284 0.36268677837622715
339.87291649698 58.99751665854 106.64579456682284 0.36268677837622715
339.87291649698 58.99751665854 106.64579456682284 0.36268677837622715
339.83340596155 58.98751165976 106.62314171585815 0.3638040744979614
339.83340596155 58.98751165976 106.62314171585815 0.3638040744979614
339.83340596155 58.98751165976 106.62314171585815 0.3638040744979614
339.86769467912 58.99243185848 106.64097752139965 0.35954236120410676
339.86769467912 58.99243185848 106.64097752139965 0.35954236120410676
339.86769467912 58.99243185848 106.64097752139965 0.35954236120410676
339.84237753038 58.9963945729 106.63149199553798 0.36933061725218597
339.84237753038 58.9963945729 106.63149199553798 0.36933061725218597
339.84237753038 58.9963945729 106.63149199553798 0.36933061725218597
339.8884018761499 59.0031453562 106.65549869548428 0.3637470802445539
339.8884018761499 59.0031453562 106.65549869548428 0.3637470802445539
339.8884018761499 59.0031453562 106.65549869548428 0.3637470802445539
339.8930900257299 58.98477155469 106.64871254492974 0.3465024076474588
339.8930900257299 58.98477155469 106.64871254492974 0.3465024076474588
339.8930900257299 58.98477155469 106.64871254492974 0.3465024076474588
339.77700725237 58.97766292597 106.59295193767072 0.36930152792209775
339.77700725237 58.97766292597 106.59295193767072 0.36930152792209775
339.77700725237 58.97766292597 106.59295193767072 0.36930152792209775
339.81717009212 58.98812604712 106.61612512885999 0.3683998379103299
339.81717009212 58.98812604712 106.61612512885999 0.3683998379103299
339.81717009212 58.98812604712 106.61612512885999 0.3683998379103299
339.85985415842 59.00845815369 106.6452130600892 0.3755176376044617
339.85985415842 59.00845815369 106.6452130600892 0.3755176376044617
339.85985415842 59.00845815369 106.6452130600892 0.3755176376044617
339.97291707534 59.05577129322 106.71902327626422 0.3887627165413281
339.97291707534 59.05577129322 106.71902327626422 0.3887627165413281
339.97291707534 59.05577129322 106.71902327626422 0.3887627165413281
339.84077133161 59.00515785344 106.635018517014 0.37739557712353644
339.84077133161 59.00515785344 106.635018517014 0.37739557712353644
339.84077133161 59.00515785344 106.635018517014 0.37739557712353644
339.90088139209 59.08894440904 106.70266618814605 0.4357055054008526
339.90088139209 59.08894440904 106.70266618814605 0.4357055054008526
339.90088139209 59.08894440904 106.70266618814605 0.4357055054008526
339.68494780202 58.98093457439 106.55309021084209 0.39523644501693994
339.68494780202 58.98093457439 106.55309021084209 0.39523644501693994
339.68494780202 58.98093457439 106.55309021084209 0.39523644501693994
339.88352404299 59.03856895944 106.67046125024238 0.39595371494778653
339.88352404299 59.03856895944 106.67046125024238 0.39595371494778653
339.88352404299 59.03856895944 106.67046125024238 0.39595371494778653
339.8315182497099 59.00644103485 106.63147396602487 0.38082885654813314
339.8315182497099 59.00644103485 106.63147396602487 0.38082885654813314
339.8315182497099 59.00644103485 106.63147396602487 0.38082885654813314
339.8371544598 59.01514916926 106.63823579180263 0.38703632771177
339.8371544598 59.01514916926 106.63823579180263 0.38703632771177
339.8371544598 59.01514916926 106.63823579180263 0.38703632771177
339.8159375642899 59.01875987566 106.63043681914095 0.39549262231632243
339.8159375642899 59.01875987566 106.63043681914095 0.39549262231632243
339.8159375642899 59.01875987566 106.63043681914095 0.39549262231632243
339.89918175209 59.04025148271 106.67832363973535 0.39352451582193887
339.89918175209 59.04025148271 106.67832363973535 0.39352451582193887
339.89918175209 59.04025148271 106.67832363973535 0.39352451582193887
339.82168552626 59.00298569619 106.62536975617597 0.380264052647899
339.82168552626 59.00298569619 106.62536975617597 0.380264052647899
339.82168552626 59.00298569619 106.62536975617597 0.380264052647899
339.76939175962 58.98330985592 106.59226535920814 0.37614390198229997
339.76939175962 58.98330985592 106.59226535920814 0.37614390198229997
339.76939175962 58.98330985592 106.59226535920814 0.37614390198229997
339.85016005345 59.01877413948 106.64584901951612 0.3869598315492443
339.85016005345 59.01877413948 106.64584901951612 0.3869598315492443
339.85016005345 59.01877413948 106.64584901951612 0.3869598315492443
339.8369643227699 59.00843524674 106.63489368681172 0.3812124823185845
339.8369643227699 59.00843524674 106.63489368681172 0.3812124823185845
339.8369643227699 59.00843524674 106.63489368681172 0.3812124823185845
339.8767543244288 58.9607222463839 106.62969639022954 0.32954166207426816
339.9971951592712 58.9205775197255 106.6646632002479 0.264348505596502
340.0797435924721 58.9500002976289 106.71616881266293 0.26957375025982133
339.8456639890204 59.0083143297511 106.63875265316656 0.3789342821066121
339.8456639890204 59.0083143297511 106.63875265316656 0.3789342821066121
339.8594606483295 59.0093207878311 106.64545398556524 0.3763703685580543
339.8594606483295 59.0093207878311 106.64545398556524 0.3763703685580543
339.8534255124029 58.977452065517 106.62728538145909 0.3500037997832655
339.86954404003 58.9826005215303 106.63704653146017 0.3504808494504733
339.86954404003 58.9826005215303 106.63704653146017 0.3504808494504733
339.8990455117479 58.9156938706014 106.61794855896045 0.2845769044381715
339.8990455117479 58.9156938706014 106.61794855896045 0.2845769044381715
339.8377669450271 59.0073737424325 106.63474025131416 0.3800837416989989
339.8377669450271 59.0073737424325 106.63474025131416 0.3800837416989989
339.8410468785353 59.0076685023058 106.63636023489181 0.3795223969051479
339.8410468785353 59.0076685023058 106.63636023489181 0.3795223969051479
339.9228839018815 58.9730200241083 106.65645907589314 0.3287866242615212
339.9228839018815 58.9730200241083 106.65645907589314 0.3287866242615212
339.8521191631191 59.0025137186353 106.63884735356035 0.372249372824188
339.8847803772375 58.9485934579211 106.627441546357 0.3169259558361139
339.8847803772375 58.9485934579211 106.627441546357 0.3169259558361139
339.9074419334667 58.9627849959119 106.64453902331219 0.3236832770271034
339.9074419334667 58.9627849959119 106.64453902331219 0.3236832770271034
339.8884667804037 58.9505213193011 106.6300388713863 0.31769156274271554
339.9240825908591 58.9541836840694 106.64788496582808 0.3120034006604176
339.9240825908591 58.9541836840694 106.64788496582808 0.3120034006604176
339.7734204752937 58.959856637193 106.58268479079777 0.3546361730325368
339.7630437895338 58.9560694824606 106.5761676970922 0.3539262997965747
339.8820453197658 59.0060405775195 106.6540373444475 0.3678655996697904
339.8820453197658 59.0060405775195 106.6540373444475 0.3678655996697904
339.8555411159479 58.9952674498222 106.63687579384559 0.3650571613611447
339.8555411159479 58.9952674498222 106.63687579384559 0.3650571613611447
339.8122278140545 58.9663936715836 106.60335076253692 0.3506345326171028
339.8863480768162 58.9998527280758 106.65297842211001 0.36137881341438494
339.9442908490808 59.0487408525339 106.70273748882725 0.3897252741436534
339.8319444995975 58.9739664660553 106.615912472147 0.35232454692417264
339.8319444995975 58.9739664660553 106.615912472147 0.35232454692417264
339.8635876683004 58.9960369620595 106.64087418931716 0.3637211107442987
339.8635876683004 58.9960369620595 106.64087418931716 0.3637211107442987
339.8558400918346 58.9744305215878 106.626908995098 0.3467577606411208
339.8558400918346 58.9744305215878 106.626908995098 0.3467577606411208
339.9526086038125 58.9526371458383 106.66001338578279 0.3035336727342281
339.9526086038125 58.9526371458383 106.66001338578279 0.3035336727342281
339.880058722762 58.9779277008136 106.63952246789721 0.34376772229135244
339.880058722762 58.9779277008136 106.63952246789721 0.34376772229135244
339.7915171957196 58.9367717099219 106.57963095042442 0.3299234042814902
339.8743633497483 58.9051969156186 106.60171353924376 0.28156701165237963
339.9210353228254 58.8902754162981 106.61558239616548 0.2568371898774462
339.9210353228254 58.8902754162981 106.61558239616548 0.2568371898774462
339.8592814056091 59.0154471978461 106.64834301259835 0.38177363646586965
339.8487640931575 58.9951867240494 106.63378340990084 0.3666790465150135
339.8487640931575 58.9951867240494 106.63378340990084 0.3666790465150135
339.8461251028821 59.0101658370336 106.6398581370582 0.38043841309931065
339.8461251028821 59.0101658370336 106.6398581370582 0.38043841309931065
339.9376722167325 59.0157386416431 106.68379408762686 0.3624872965034271
339.6653367990155 58.9196118010706 106.5143834358186 0.3466088388466152
339.84822312518 59.0073699206614 106.63944719700352 0.377469355641181
339.84822312518 59.0073699206614 106.63944719700352 0.377469355641181
339.8653653574828 59.0121801491581 106.64949920286152 0.37739783642169517
339.8653653574828 59.0121801491581 106.64949920286152 0.37739783642169517
339.965257441455 59.0023767243456 106.6897661567468 0.34392330597990867
339.9336584113308 58.9302323804358 106.64062011788366 0.288651873025184
339.9418329819895 58.9906245022836 106.67352198909198 0.33946992601156123
339.9418329819895 58.9906245022836 106.67352198909198 0.33946992601156123
339.9966411750538 59.0623622802047 106.732887708605 0.38864077880541875
339.946027474385 59.011825505063 106.68566646813933 0.3569818151346176
339.7945839547621 58.9857449120714 106.60479495748591 0.37196708978945525
339.7945839547621 58.9857449120714 106.60479495748591 0.37196708978945525
339.8606883992324 58.9884875676567 106.63590852213046 0.357841720219412
339.8606883992324 58.9884875676567 106.63590852213046 0.357841720219412
339.975698134487 58.9987494711642 106.69272081777318 0.3381490313183672
339.8770333068383 59.0202537025581 106.65866594844077 0.3815494692049977
339.8909699493966 59.0263524292481 106.6678957179784 0.38341015544606916
339.8909699493966 59.0263524292481 106.6678957179784 0.38341015544606916
339.8410391442508 58.9639508859278 106.61515451103611 0.3412919759971181
339.8410391442508 58.9639508859278 106.61515451103611 0.3412919759971181
339.8594096150004 59.0004955312719 106.64115301473451 0.3686639896499178
339.8594096150004 59.0004955312719 106.64115301473451 0.3686639896499178
339.7622163746316 58.9115690220969 106.55416732036906 0.31524202362725773
339.9480047380529 58.9097768690311 106.63720858158403 0.26716607643248497
339.9480047380529 58.9097768690311 106.63720858158403 0.26716607643248497
340.0625097077767 59.0808180813564 106.77144629711498 0.38847080045888055
339.8727950485479 58.9968342073042 106.64540915096822 0.3621201096312838
339.8727950485479 58.9968342073042 106.64540915096822 0.3621201096312838
339.742556170739 59.0924431765067 106.63324904197799 0.478227799844259
339.8788133299308 59.0864300566619 106.69152961371766 0.43899668580285234
339.8410506467504 59.0277214661136 106.6460873094703 0.39705835218233765
339.8546641836187 59.0270093429703 106.651869367578 0.3930384806583957
339.8546641836187 59.0270093429703 106.651869367578 0.3930384806583957
339.8626393627263 59.0299121882797 106.65686632002007 0.39358801970005675
339.8626393627263 59.0299121882797 106.65686632002007 0.39358801970005675
339.6934100990328 59.0071022099644 106.56964039796624 0.41596932906243445
339.8001185747863 59.0887184223197 106.65728381552593 0.4606052168390583
339.7793946170962 59.0508079899017 106.62956046166232 0.432638663509327
339.7793946170962 59.0508079899017 106.62956046166232 0.432638663509327
339.754068981805 59.04866237355 106.61713389374083 0.43709274602138565
339.7157634079271 59.0005817345594 106.576522511923 0.40467018598556187
339.7157634079271 59.0005817345594 106.576522511923 0.40467018598556187
339.7838467001013 59.0170263704858 106.61515301891244 0.4019974840963758
339.7838467001013 59.0170263704858 106.61515301891244 0.4019974840963758
339.6645526874738 58.9730036008706 106.54004665427784 0.39343057108657276
339.6645526874738 58.9730036008706 106.54004665427784 0.39343057108657276
339.6922444659434 58.9866437320372 106.55915440609347 0.39839209015415755
339.6922444659434 58.9866437320372 106.55915440609347 0.39839209015415755
339.9101860519513 59.1084580115964 106.7162950025954 0.4504663097094573
339.6702523780946 58.9797375847661 106.54589311428167 0.39787988624992066
339.6702523780946 58.9797375847661 106.54589311428167 0.39787988624992066
339.8437858251133 59.0881065605408 106.6766022655642 0.4491853677212213
339.8437858251133 59.0881065605408 106.6766022655642 0.4491853677212213
339.8466989858304 59.0202067656783 106.64498551618956 0.38907662485637573
339.812604430005 59.0083444904203 106.62388147442084 0.38721890377865936
339.812604430005 59.0083444904203 106.62388147442084 0.38721890377865936
339.8399739063729 59.0197716057153 106.64174703391328 0.39037476832841683
339.7986121600283 59.0709925300525 106.64800054214265 0.4454846133403316
339.7986121600283 59.0709925300525 106.64800054214265 0.4454846133403316
339.8242187347696 59.05770167768 106.65305900838258 0.42747508226647746
339.8242187347696 59.05770167768 106.65305900838258 0.42747508226647746
339.6257000347225 58.9926238951508 106.53213164119069 0.42032174837399083
339.8110809674421 59.0619581342158 106.6492184585551 0.4344746704621131
339.8483370646121 59.0154006521169 106.64339252209109 0.3844644387197187
339.8483370646121 59.0154006521169 106.64339252209109 0.3844644387197187
339.8441244719966 59.0557048548072 106.66104120142661 0.42076410680588616
339.8441244719966 59.0557048548072 106.66104120142661 0.42076410680588616
339.8517961050442 59.0199506296106 106.64715601280638 0.3875804767672766
339.8517961050442 59.0199506296106 106.64715601280638 0.3875804767672766
339.87920124113 59.0817007787653 106.68941265145291 0.43476294967236717
339.87920124113 59.0817007787653 106.68941265145291 0.43476294967236717
339.7669595179225 58.9774057988369 106.58830088217277 0.3715928007916003
339.7669595179225 58.9774057988369 106.58830088217277 0.3715928007916003
339.8069962290541 59.0067015829458 106.62055914597649 0.3871841887039195
339.814770068355 59.0467715782392 106.64350624184966 0.4202759879045235
339.814770068355 59.0467715782392 106.64350624184966 0.4202759879045235
339.7607652809941 59.0576286696586 106.6245016898185 0.443254815842559
339.7607652809941 59.0576286696586 106.6245016898185 0.443254815842559
339.7230199035191 59.0362470987619 106.59713975986331 0.4340116765917232
339.7209485980416 59.0257508976133 106.59110172969115 0.425360058448676
339.791499746663 59.0077505046986 106.61409228404726 0.3919754237553276
339.791499746663 59.0077505046986 106.61409228404726 0.3919754237553276
