DATA/HMXB_20250219_.ecsv
# %ECSV 1.0
# ---
# datatype:
# - name: source_id
#   datatype: int64
#   description: Unique source identifier (unique within a particular Data Release)
#   meta: !!omap
#   - {ucd: meta.id}
# - name: ra
#   unit: deg
#   datatype: float64
#   description: Right ascension
#   meta: !!omap
#   - {ucd: pos.eq.ra;meta.main}
#   - {utype: 'stc:AstroCoords.Position3D.Value3.C1'}
#   - {CoosysSystem: ICRS}
#   - {CoosysEpoch: J2016.0}
# - name: ra_error
#   unit: mas
#   datatype: float32
#   description: Standard error of right ascension
#   meta: !!omap
#   - {ucd: stat.error;pos.eq.ra}
#   - {utype: 'stc:AstroCoords.Position3D.Error3.C1'}
# - name: dec
#   unit: deg
#   datatype: float64
#   description: Declination
#   meta: !!omap
#   - {ucd: pos.eq.dec;meta.main}
#   - {utype: 'stc:AstroCoords.Position3D.Value3.C2'}
#   - {CoosysSystem: ICRS}
#   - {CoosysEpoch: J2016.0}
# - name: dec_error
#   unit: mas
#   datatype: float32
#   description: Standard error of declination
#   meta: !!omap
#   - {ucd: stat.error;pos.eq.dec}
#   - {utype: 'stc:AstroCoords.Position3D.Error3.C2'}
# - name: pmra
#   unit: mas / yr
#   datatype: float64
#   description: Proper motion in right ascension direction
#   meta: !!omap
#   - {ucd: pos.pm;pos.eq.ra}
#   - {utype: 'stc:AstroCoords.Velocity3D.Value3.C1'}
# - name: pmra_error
#   unit: mas / yr
#   datatype: float32
#   description: Standard error of proper motion in right ascension direction
#   meta: !!omap
#   - {ucd: stat.error;pos.pm;pos.eq.ra}
#   - {utype: 'stc:AstroCoords.Velocity3D.Error3.C1'}
# - name: pmdec
#   unit: mas / yr
#   datatype: float64
#   description: Proper motion in declination direction
#   meta: !!omap
#   - {ucd: pos.pm;pos.eq.dec}
#   - {utype: 'stc:AstroCoords.Velocity3D.Value3.C2'}
# - name: pmdec_error
#   unit: mas / yr
#   datatype: float32
#   description: Standard error of proper motion in declination direction
#   meta: !!omap
#   - {ucd: stat.error;pos.pm;pos.eq.dec}
#   - {utype: 'stc:AstroCoords.Velocity3D.Error3.C2'}
# - name: parallax
#   unit: mas
#   datatype: float64
#   description: Parallax
#   meta: !!omap
#   - {ucd: pos.parallax.trig}
# - name: parallax_error
#   unit: mas
#   datatype: float32
#   description: Standard error of parallax
#   meta: !!omap
#   - {ucd: stat.error;pos.parallax.trig}
# - name: radial_velocity
#   unit: km / s
#   datatype: float32
#   description: Radial velocity
#   meta: !!omap
#   - {ucd: spect.dopplerVeloc.opt;em.opt.I}
#   - {utype: 'stc:AstroCoords.Velocity3D.Value3.C3'}
# - name: radial_velocity_error
#   unit: km / s
#   datatype: float32
#   description: Radial velocity error
#   meta: !!omap
#   - {ucd: stat.error;spect.dopplerVeloc.opt;em.opt.I}
#   - {utype: 'stc:AstroCoords.Velocity3D.Error3.C3'}
# - name: phot_g_mean_mag
#   unit: mag
#   datatype: float32
#   description: G-band mean magnitude
#   meta: !!omap
#   - {ucd: phot.mag;em.opt}
# - name: l
#   unit: deg
#   datatype: float64
#   description: Galactic longitude
#   meta: !!omap
#   - {ucd: pos.galactic.lon}
#   - {utype: 'stc:AstroCoords.Position2D.Value2.C1'}
# - name: b
#   unit: deg
#   datatype: float64
#   description: Galactic latitude
#   meta: !!omap
#   - {ucd: pos.galactic.lat}
#   - {utype: 'stc:AstroCoords.Position2D.Value2.C2'}
# - name: phot_bp_mean_mag
#   unit: mag
[...]
# - {JOBID: 1729071608168O}
# - {JOBNAME: HMXB_with_Color}
# - {RELEASE: Gaia DR3}
# schema: astropy-2.0
source_id ra ra_error dec dec_error pmra pmra_error pmdec pmdec_error parallax parallax_error radial_velocity radial_velocity_error phot_g_mean_mag l b phot_bp_mean_mag phot_rp_mean_mag bp_rp Name Mx Mx_err Mo Mo_err RV RV_err Period Period_err Spin_period Spin_period_err distance pm_l_poleski pm_b_poleski "galactic distance" "circular velocity" "LSR velocity" mu_l_sol mu_b_sol RV_r_sol mu_l_rot mu_b_rot RV_rot "Peculiar Velocity" "Peculiar Radial Velocity" peculiar_mu_l peculiar_mu_b dist_err SpType Mod_SpType SpColor
[from data line 49]
4097365235226829312 274.65790272639975 0.1513979 -17.0466781588456 0.13582104 -1.5716344381062806 0.17518789 -4.595354065094506 0.13012648 0.4049875876480283 0.1654282 nan nan 15.919185 14.080442512446384 -0.704044807799442 20.126513 14.282718 5.843795 "SAX J1818.6-1703" "" "" "" "" "" "" 30.0 "" "" "" 2.469211478325831 -4.790834949389272 -0.7970033113686185 6.134634906417722 220.42357036287083 73.77435945585617 -0.9025860128224636 -0.6637695775137029 -13.689750481863394 -0.5354147989845248 0.02166584796401836 14.893013701149293 39.28363654426138 "" -3.352834137582284 -0.1548995818189339 1.0086166548158626 B0.5Iab xkcd:red xkcd:red
4104196427943626624 276.5627681201673 0.012748371 -14.848438248314068 0.011323812 7.425312749534734 0.014174469 -8.151225884328909 0.011673848 0.4900256100180399 0.015014423 nan nan 10.798686 16.881564472210624 -1.2892552605096488 11.453262 9.997603 1.4556589 "LS 5039" "" "" 23.0 "" 17.3 0.5 3.90607 8e-05 8.891 0.001 2.040709668139969 -3.7327492501273345 -10.375178836117982 6.574474121237763 221.02147493835528 82.3370934667535 -1.0211634982115043 -0.8187214502727357 -14.109344132673334 -0.6839039104181559 0.04352303720065744 14.468758428183266 94.90903787694724 16.94058570449007 -2.0276818414976745 -9.599980423045903 0.0625275040088767 ON6V((f))z xkcd:blue xkcd:blue
4146789141900648576 271.1624089614886 0.23183206 -14.9464336382636 0.19731422 2.8163949695952675 0.32420734 0.5248669367618788 0.21428205 0.35637339844069704 0.25637776 nan nan 19.099766 14.30687793079159 3.2517753399711236 20.119614 17.970112 2.1495018 "" "" "" "" "" "" "" "" "" "" "" 2.806045581335406 1.8355272451174276 -2.1996376198135343 5.8266333265296195 219.9798410776547 78.64461590254733 -0.7901388439244128 -0.5115169832121619 -14.234657675005737 -0.6001550369069051 -0.10637875014533071 17.071125881034398 47.78588904284989 "" 3.2258211259487455 -1.581741886456042 2.018690716522475 "" xkcd:grey xkcd:grey
4152643113595580416 275.3323425004492 0.2298688 -13.310890956750724 0.21091765 -4.75717570226309 0.2571612 -7.1269597874352915 0.22176196 0.11183301870190533 0.21015081 nan nan 18.37008 17.68122944365532 0.48526330998641776 21.142166 16.74253 4.3996353 "IGR J18214-1318" "" "" "" "" "" "" 5.4246 0.0004 "" "" 8.941902951448835 -8.528933161134926 0.8255759243188876 2.7158136175571443 213.50866082870218 202.3001450796754 -0.22832253433035257 -0.17642238934744128 -14.484273815655245 -6.556989629314672 -0.028436823238368353 45.46793180071559 85.84335664150561 "" -1.7436209974899013 1.0304351369046971 16.803160220250376 B0V-O9I xkcd:red xkcd:red
4155000844481174656 278.36569954826433 0.1535262 -10.5901247948528 0.14745554 0.9373345779226703 0.17834847 -0.605058544140186 0.1497472 1.077420939495517 0.19435559 nan nan 11.717419 21.470675280813587 -0.874250826718959 12.689387 10.701129 1.9882584 "ATO J278.3657-10.5901" "" "" 14.6 "" "" "" "" "" "" "" 0.928142347473061 -0.10160500949924658 -1.1110213206105315 7.6439178497045495 222.32851953561243 89.69550563254826 -1.9782627207639527 -1.7794309623738023 -14.910764018952339 -0.8594631814053745 0.031277819784937294 8.109225222027202 12.359319837094462 "" 2.7361208926700806 0.6371318219783335 0.1674272783393442 B0.5Ve xkcd:purple xkcd:green
4155023796790984064 278.3679185343803 0.023960538 -10.40243295086028 0.020646106 0.014129598024954813 0.027040828 -0.10350403724001421 0.022528417 0.47356343645215393 0.028008316 nan nan 10.961636 21.63824683138313 -0.7896417890712586 11.906382 9.991757 1.9146242 "SNR 021.5-00.9" "" "" 17.5 "" "" "" "" "" "" "" 2.1116495130870057 -0.08515719185856126 -0.0605060653165717 6.583544597508735 221.03339622970435 104.42938727681944 -0.8651192748152157 -0.7799551584661948 -14.94769522358963 -1.101989131593672 0.0325148287577349 18.288897097717474 20.05248745690624 "" 1.8819512145503263 0.6869342643918882 0.12489086294156568 B0Ve xkcd:purple xkcd:green
4156747212545110400 278.8576017596259 2.8617914 -7.614004545977431 2.1571057 nan nan nan nan nan nan nan nan 20.38705 24.33602586714134 0.06569920978307321 22.341728 18.35192 3.989809 "" "" "" "" "" "" "" "" "" "" "" nan nan nan nan nan nan nan nan -15.453451310017302 nan nan nan nan "" nan nan nan M5III-V xkcd:grey xkcd:grey
4253473896214500096 280.1953568961291 0.012800918 -5.680628093067283 0.0119924545 -1.024953867964975 0.016244514 -2.9397122252012013 0.015440416 0.23260881745470705 0.014541045 2.2828214 28.66568 11.229876 26.66356550809258 -0.22748946896916325 11.971808 10.359822 1.6119862 "" "" "" "" "" "" "" "" "" "" "" 4.299063169411956 -3.0811369812473988 -0.44613148425484056 5.041832846526578 218.7384290000798 164.52117718892492 -0.3585917891646102 -0.3760260046942358 -15.724206436025602 -2.5880531993136398 0.0131938280845666 40.16535040158259 3.2237061207927247 "" -0.1344919927691488 -0.08329930764517135 0.26874677823027415 B5V xckd:black xkcd:red
4255891924062617088 283.8766800200503 0.014235792 -2.604679419397789 0.014256109 -2.519200396441113 0.016839296 -6.766008688499971 0.015563221 0.07777430499571139 0.016119283 nan nan 13.440664 31.07634694239799 -2.092060444110593 14.776262 12.309271 2.4669914 "XTE J1855-026" "" "" "" "" "" "" 6.067 0.004 361.1 0.4 12.85771695491386 -7.167415166949448 -0.8679884992724095 7.089773327131759 221.67490236804963 135.98539148263757 -0.09965266938579061 -0.1343637354615373 -15.981747589863017 -5.9311616122481405 0.013529855075546547 18.827996647756077 82.89722483123768 "" -1.1366008853155174 -0.7471546188864187 2.664854085035304 B0Iaep xkcd:green xkcd:red
4256500538116700160 280.251804741005 0.03932624 -5.596266865591954 0.03323552 -2.0680431345707846 0.046430107 -5.376487117697893 0.040314328 0.01050655665997871 0.040199146 nan nan 12.965174 26.764284956669265 -0.23881101580482592 14.426636 11.725309 2.7013264 "" "" "" "" "" "" "" "" "" "" "" 95.1786615123081 -5.724411931387568 -0.6438355170417409 87.67206629209699 244.6024159096416 9.712435027155454 -0.016135587561258657 -0.01699147965886119 -15.735512843263681 -0.9225920691535651 -0.0008265482512430509 -922.7716093572923 2177.4401840444852 "" -4.785684274672744 -0.6260174891316367 364.16316049872347 B1Ib xkcd:red xkcd:red
4258160560148155648 281.2566191660608 0.018891027 -4.565759042374355 0.019158222 -1.366159546567521 0.024363426 -5.594980738525201 0.022116555 0.16398885192740253 0.023681367 nan nan 12.755314 28.13837812606104 -0.6579091376358055 14.262078 11.576122 2.685956 "IGR J18450-0435" "" "" 29.6 "" 61.0 1.4 4.73983 0.00028 "" "" 6.0979754919114715 -5.596216970670979 -1.3610866939029658 4.245345589557902 217.27212828543517 204.13102621463975 -0.23869453993537426 -0.2692495776204189 -15.849039520111806 -4.205910113520496 0.04130664097383697 51.92967993963567 46.69851251759428 24.919359580476137 -1.1516123172151085 -1.1331437572563838 0.8805988502429251 O9.5I xkcd:blue xkcd:blue
4258428501693172736 282.0716861216644 0.13653123 -3.1713676837385054 0.14190862 -1.6872252358565853 0.15914671 -3.6522772722036527 0.13722214 0.36810538324327063 0.17614329 nan nan 17.024458 29.75031783963986 -0.7453435873024522 21.094065 15.36081 5.7332544 "IGR J18483-0311" "" "" "" "" "" "" 18.545 0.003 21.0526 0.0005 2.716613354548873 -4.019097414822756 -0.18087078186292796 6.287823994147714 220.63635502056678 146.92548037737905 -0.5007690246030799 -0.6064511316553369 -16.024899710271026 -2.1624518457380213 0.03880010188922758 28.409402778295302 18.15575781488336 "" -1.3558765444816547 0.38678024790318144 1.2999353770446576 B0.5-1Iab xkcd:red xkcd:red
4259088994635370752 281.5533010323846 0.093761496 -2.3739097448759168 0.09704078 -1.6014907067769724 0.11734643 -2.1504326332738555 0.10132134 0.6764355935672552 0.12099661 nan nan 17.650904 30.22372840554395 0.07923084081716135 19.002638 16.482925 2.5197124 "" "" "" "" "" "" "" "" "" "" "" 1.47833734580168 -2.6462259339821044 0.43199687552420307 7.260854633856697 221.88178273714763 129.67081863414768 -0.9011752611325748 -1.0813866686293439 -16.188349840951997 -1.7625919571595623 -0.0037296741201519835 16.144317279174484 10.631606887201402 "" 0.01754128431003288 1.5171132182736988 0.26443582802150756 "" xkcd:grey xkcd:grey
4268774695647764352 285.9141280353291 0.19355014 3.2043579681435252 0.19041502 -1.7901359305974884 0.25083205 -4.336556449339966 0.24071172 0.00046904205397502174 0.21388882 nan nan 18.542234 37.17720468290918 -1.2527903447736417 20.800488 17.09401 3.706478 "4U 1901+03" "" "" "" "" "" "" 22.5827 0.0002 2.761 0.001 2132.004990864324 -4.672635855744124 -0.42045528649616354 2124.729023936921 277.12734416709765 -0.6271579221680412 -0.00042647500470633927 -0.0007882679249116099 -16.653173168059592 -0.03912477239904 -0.0002864680381234722 -33090.42715201682 47012.00390306982 "" -4.633084608340377 -0.41938055053312845 972219.9456611013 "B8-9 IVe" "xkcd:dark purple" xkcd:green
4278536022438800640 281.403473368695 0.16806592 0.8631594680204066 0.18489982 -1.9223053764878588 0.19187225 -3.981582670513548 0.17040698 0.08614348936089142 0.2158959 nan nan 18.606775 33.03636942521391 1.6893586565524012 20.93684 17.230015 3.7068253 "GS 1843+009" "" "" 13.5 0.0 "" "" "" "" 29.4764 0.0008 11.608538351756081 -4.419577076344119 -0.12488790518501135 6.443883909343042 220.84806691496806 157.57842436745582 -0.10019843168633977 -0.12923710104882155 -16.685130702520002 -6.132761056651994 -0.020503877410393 28.9998367913581 99.78978016034046 "" 1.8133824119942146 0.024853073274203205 29.093735631508533 B0-2IV-Ve xkcd:purple xkcd:green
4293406612283985024 287.9565063699124 0.01839638 4.982708527256882 0.018368214 -3.0269258944121806 0.023585632 -4.776844591679762 0.023861438 0.11817711247763943 0.023269137 nan nan 12.602749 39.69407310529392 -2.244594208819768 14.155096 11.391598 2.7634983 "SS 433" 4.2 0.4 11.3 0.6 69.0 4.7 13.08 0.0 "" "" 8.461875392235635 -5.637365080515104 0.4479280883268187 5.756678671628887 219.87592293242025 205.8253763529911 -0.08892951650408813 -0.20593337988811355 -16.68568981131006 -6.049728524594264 0.06538459333415415 45.314375355868584 31.006313936681927 40.37131445544148 0.5012929605832479 0.588476874880778 1.6661478416707238 "A3-7 I" xkcd:grey xkcd:grey
4306419980916246656 287.70087185633383 0.6632867 7.597656302411205 0.8158613 -3.786420226899895 0.8647276 -9.027830218995849 0.95693314 0.5217824132401065 0.74013126 nan nan 20.15432 41.896989864779755 -0.8116366366050681 21.837675 18.386135 3.45154 "4U 1909+07" "" "" 32.0 0.0 "" "" 4.4007 0.0009 603.6 0.1 1.9165076756617974 -9.750758821117673 -0.8725818071030246 7.18842231063657 221.79477152827346 173.68634419628822 -0.3204387892700074 -0.8632262487314175 -17.011560803116243 -3.1673300058192875 0.04179851512642319 22.667120593952745 56.89644220082599 "" -6.262990026028378 -0.05115407349803026 2.7185033508402996 O7.5-9.5If xkcd:blue xkcd:blue
4309225217336733824 287.4047303861521 0.059651483 9.832011185333132 0.06551249 -2.7485657819302163 0.07393015 -2.455443176178704 0.07641603 0.2326282846644742 0.07313712 nan nan 16.793938 43.743818692468906 0.47964676300186876 19.099142 15.419151 3.6799908 "" "" "" "" "" "" "" "" "" "" "" 4.298703407637321 -3.454913205416851 1.2835068336695683 6.159145325997152 220.45795678488147 208.87440585703092 -0.11570877554051152 -0.3659084901389248 -17.26887321242488 -4.571030633728803 -0.02375232386534083 41.89039201078256 42.33514990953391 "" 1.2318262038524637 1.673167647673834 1.35148993122834 "O8-9 Ia" xkcd:blue xkcd:blue
4309253392325650176 288.5176059060096 0.30388293 9.882864373650197 0.33666414 -1.5972729990761414 0.38222316 -5.515624391179957 0.43199238 0.3609060073102918 0.38501748 nan nan 18.24812 44.29634703521837 -0.4687718341225378 21.498 16.360945 5.1370544 "IGR J19140+0951" "" "" "" "" "" "" 13.558 0.004 5937.0 0.0 2.7708045301120245 -5.619080400648904 -1.1829323350049783 6.798096459295679 221.31087513219003 191.74444984123454 -0.16687216234967847 -0.5893804601253284 -17.165033553026802 -3.8258164534608627 0.023961028801308366 30.761642533711584 22.84823154415418 "" -1.6263917848383627 -0.6175129036809582 2.955916965671565 B0.5Ia xkcd:red xkcd:red
4310118570535453696 284.75680882608543 0.2963731 8.245457254312521 0.3373388 -1.990330774755356 0.36828628 -3.255504337241219 0.36267373 0.2870469782680649 0.3779983 nan nan 19.470139 41.134383384326995 2.0764458051903394 20.99793 18.00686 2.9910698 "XTE J1859+083" "" "" 12.5 "" "" "" 37.97 0.09 9.79156 1e-05 3.483750311651526 -3.8065332857455756 0.26463073752993077 6.308279459431564 220.664390652521 194.05279300227497 -0.19006627195699705 -0.42246336140466356 -17.34482880594559 -3.8689696606241104 -0.11032816386022863 37.29199277368981 13.812192797685478 "" 0.25250264683553203 0.797422262794823 4.587582412671151 B0-2Ve xkcd:purple xkcd:green
4310649153642824320 286.1977687539877 0.5593506 9.044911040402665 0.61790365 -0.8740526031784608 0.72618765 -4.776992721613207 0.8123674 0.32751956172944796 0.61274695 nan nan 19.75673 42.49718850001616 1.1748721935698823 21.705069 18.256304 3.4487648 "XTE J1906+090" "" "" "" "" "" "" 81.4 0.1 89.17 0.02 3.0532527422776163 -4.636993512852653 -1.4428855038536512 6.5807415268839815 221.02971385034718 191.3751409712591 -0.18873412274546006 -0.5007283163529396 -17.30271256410988 -3.7834244105996433 -0.06140982539357132 33.55104097799315 15.97037369402148 "" -0.6648349795075497 -0.8807473621071403 5.712242980646789 Be? xkcd:green xkcd:red
4323316622779495680 292.48292610722393 0.6488324 18.310605976333413 0.79013765 -3.0917860808492414 0.82213086 -4.182762112022142 1.0411578 0.24756403594072215 0.8005983 nan nan 20.314127 53.54007422452243 0.11502218303520666 21.717018 18.780445 2.936573 "IGR J19294+1816" "" "" 12.5 0.0 "" "" 117.2 0.2 12.44 "" 4.039358932730619 -5.15851832253277 0.6665799063838725 6.910796552260666 221.45327727832878 217.33963033670088 0.031556772696090196 -0.39511752981692555 -17.371343186439717 -5.145864114693676 -0.004266240092972812 33.08153901146424 20.427085477513348 "" -0.04421098053518424 1.0659636762937708 13.06289896529182 B1Ve "xkcd:light purple" xkcd:green
4512787627579740032 287.8284321301368 0.036209412 15.5424152324057 0.03783654 -2.3316551907380143 0.04954135 -5.026141821941105 0.045408323 -0.022811024426967752 0.0480625 nan nan 13.49664 49.00379131724761 2.746286085927929 14.906009 12.30571 2.600299 "" "" "" "" "" "" "" "" "" "" "" -43.838452025757135 -5.533326546664774 -0.28463111343608866 49.77930980794232 239.24256413075688 29.17900645117739 0.0037074714388673114 0.032532160287936575 -17.69375448704674 -0.35577614241701877 -0.03174931531835109 -805.4562366074688 -1078.2679209116159 "" -5.181257875686621 -0.2854139584056742 92.36698642138502 Be xkcd:green xkcd:green
5255509901121774976 154.7315592681715 0.009345571 -58.94609420856299 0.0094385855 -6.454306520313594 0.013439312 2.256007949459996 0.0133516 0.2273178405234294 0.010232987 nan nan 12.269231 284.351776705235 -1.6900802660463154 12.882478 11.495986 1.3864918 "1FGL J1018.6-5856" 2.0 "" 22.9 "" 55.3 13.1 16.5507 0.0004 "" "" 4.3991267807989365 -6.6488043210162475 -1.5940657536704546 8.547292409868648 223.3022676369862 -212.96405708690497 -0.6634443517918205 -0.34946803248438035 10.718108599517032 -5.444675837248132 0.0016679885391937266 1.1853233353565058 28.32721701626133 43.39656806512646 -0.5406841319762945 -1.2462657097252678 0.19803200020711922 O6V((f)) xkcd:blue xkcd:blue
5258414192353423360 152.4456445370427 0.011654465 -58.2932074753388 0.011160533 -4.701857427618813 0.016455015 3.558790662627249 0.014097332 0.24250163068236905 0.013183098 nan nan 13.877196 283.0000248080038 -1.8216728103108153 15.243159 12.732806 2.510353 "GRO J1008-57" "" "" 17.5 "" "" "" 247.8 0.4 93.587 0.005 4.123683610646765 -5.89136185982202 0.2535935462339908 8.571806368191874 223.32728949252302 -213.58080095197607 -0.694891785228667 -0.3710245115766925 11.058081400276368 -5.435890537773893 0.0029204385571921163 1.809968686656115 13.021830816533859 "" 0.2394204631805401 0.6216976192534911 0.2241755083797281 "B0 IIIVe" xkcd:green xkcd:green
