DATA/HMXB_with_analysis.ecsv
# %ECSV 1.0
# ---
# datatype:
# - name: source_id
#   datatype: int64
#   description: Unique source identifier (unique within a particular Data Release)
#   meta: !!omap
#   - {ucd: meta.id}
# - name: ra
#   unit: deg
#   datatype: float64
#   description: Right ascension
#   meta: !!omap
#   - {ucd: pos.eq.ra;meta.main}
#   - {utype: 'stc:AstroCoords.Position3D.Value3.C1'}
#   - {CoosysSystem: ICRS}
#   - {CoosysEpoch: J2016.0}
# - name: ra_error
#   unit: mas
#   datatype: float32
#   description: Standard error of right ascension
#   meta: !!omap
#   - {ucd: stat.error;pos.eq.ra}
#   - {utype: 'stc:AstroCoords.Position3D.Error3.C1'}
# - name: dec
#   unit: deg
#   datatype: float64
#   description: Declination
#   meta: !!omap
#   - {ucd: pos.eq.dec;meta.main}
#   - {utype: 'stc:AstroCoords.Position3D.Value3.C2'}
#   - {CoosysSystem: ICRS}
#   - {CoosysEpoch: J2016.0}
# - name: dec_error
#   unit: mas
#   datatype: float32
#   description: Standard error of declination
#   meta: !!omap
#   - {ucd: stat.error;pos.eq.dec}
#   - {utype: 'stc:AstroCoords.Position3D.Error3.C2'}
# - name: pmra
#   unit: mas / yr
#   datatype: float64
#   description: Proper motion in right ascension direction
#   meta: !!omap
#   - {ucd: pos.pm;pos.eq.ra}
#   - {utype: 'stc:AstroCoords.Velocity3D.Value3.C1'}
# - name: pmra_error
#   unit: mas / yr
#   datatype: float32
#   description: Standard error of proper motion in right ascension direction
#   meta: !!omap
#   - {ucd: stat.error;pos.pm;pos.eq.ra}
#   - {utype: 'stc:AstroCoords.Velocity3D.Error3.C1'}
# - name: pmdec
#   unit: mas / yr
#   datatype: float64
#   description: Proper motion in declination direction
#   meta: !!omap
#   - {ucd: pos.pm;pos.eq.dec}
#   - {utype: 'stc:AstroCoords.Velocity3D.Value3.C2'}
# - name: pmdec_error
#   unit: mas / yr
#   datatype: float32
#   description: Standard error of proper motion in declination direction
#   meta: !!omap
#   - {ucd: stat.error;pos.pm;pos.eq.dec}
#   - {utype: 'stc:AstroCoords.Velocity3D.Error3.C2'}
# - name: parallax
#   unit: mas
#   datatype: float64
#   description: Parallax
#   meta: !!omap
#   - {ucd: pos.parallax.trig}
# - name: parallax_error
#   unit: mas
#   datatype: float32
#   description: Standard error of parallax
#   meta: !!omap
#   - {ucd: stat.error;pos.parallax.trig}
# - name: radial_velocity
#   unit: km / s
#   datatype: float32
#   description: Radial velocity
#   meta: !!omap
#   - {ucd: spect.dopplerVeloc.opt;em.opt.I}
#   - {utype: 'stc:AstroCoords.Velocity3D.Value3.C3'}
# - name: radial_velocity_error
#   unit: km / s
#   datatype: float32
#   description: Radial velocity error
#   meta: !!omap
#   - {ucd: stat.error;spect.dopplerVeloc.opt;em.opt.I}
#   - {utype: 'stc:AstroCoords.Velocity3D.Error3.C3'}
# - name: phot_g_mean_mag
#   unit: mag
#   datatype: float32
#   description: G-band mean magnitude
#   meta: !!omap
#   - {ucd: phot.mag;em.opt}
# - name: l
#   unit: deg
#   datatype: float64
#   description: Galactic longitude
#   meta: !!omap
#   - {ucd: pos.galactic.lon}
#   - {utype: 'stc:AstroCoords.Position2D.Value2.C1'}
# - name: b
#   unit: deg
#   datatype: float64
#   description: Galactic latitude
#   meta: !!omap
#   - {ucd: pos.galactic.lat}
#   - {utype: 'stc:AstroCoords.Position2D.Value2.C2'}
# - name: phot_bp_mean_mag
#   unit: mag
[...]
# - {JOBID: 1729071608168O}
# - {JOBNAME: HMXB_with_Color}
# - {RELEASE: Gaia DR3}
# schema: astropy-2.0
source_id ra ra_error dec dec_error pmra pmra_error pmdec pmdec_error parallax parallax_error radial_velocity radial_velocity_error phot_g_mean_mag l b phot_bp_mean_mag phot_rp_mean_mag bp_rp Name Mx Mx_err Mo Mo_err RV RV_err Period Period_err Spin_period Spin_period_err
[from data line 52]
4152643113595580416 275.3323425004492 0.2298688 -13.310890956750724 0.21091765 -4.75717570226309 0.2571612 -7.1269597874352915 0.22176196 0.11183301870190533 0.21015081 nan nan 18.37008 17.68122944365532 0.48526330998641776 21.142166 16.74253 4.3996353 "IGR J18214-1318" "" "" "" "" "" "" 5.4246 0.0004 "" ""
4155000844481174656 278.36569954826433 0.1535262 -10.5901247948528 0.14745554 0.9373345779226703 0.17834847 -0.605058544140186 0.1497472 1.077420939495517 0.19435559 nan nan 11.717419 21.470675280813587 -0.874250826718959 12.689387 10.701129 1.9882584 "ATO J278.3657-10.5901" "" "" 14.6 "" "" "" "" "" "" ""
4155023796790984064 278.3679185343803 0.023960538 -10.40243295086028 0.020646106 0.014129598024954813 0.027040828 -0.10350403724001421 0.022528417 0.47356343645215393 0.028008316 nan nan 10.961636 21.63824683138313 -0.7896417890712586 11.906382 9.991757 1.9146242 "SNR 021.5-00.9" "" "" 17.5 "" "" "" "" "" "" ""
4156747212545110400 278.8576017596259 2.8617914 -7.614004545977431 2.1571057 nan nan nan nan nan nan nan nan 20.38705 24.33602586714134 0.06569920978307321 22.341728 18.35192 3.989809 "" "" "" "" "" "" "" "" "" "" ""
4253473896214500096 280.1953568961291 0.012800918 -5.680628093067283 0.0119924545 -1.024953867964975 0.016244514 -2.9397122252012013 0.015440416 0.23260881745470705 0.014541045 2.2828214 28.66568 11.229876 26.66356550809258 -0.22748946896916325 11.971808 10.359822 1.6119862 "" "" "" "" "" "" "" "" "" "" ""
4255891924062617088 283.8766800200503 0.014235792 -2.604679419397789 0.014256109 -2.519200396441113 0.016839296 -6.766008688499971 0.015563221 0.07777430499571139 0.016119283 nan nan 13.440664 31.07634694239799 -2.092060444110593 14.776262 12.309271 2.4669914 "XTE J1855-026" "" "" "" "" "" "" 6.067 0.004 361.1 0.4
4256500538116700160 280.251804741005 0.03932624 -5.596266865591954 0.03323552 -2.0680431345707846 0.046430107 -5.376487117697893 0.040314328 -0.1100908803641378 0.040199146 nan nan 12.965174 26.764284956669265 -0.23881101580482592 14.426636 11.725309 2.7013264 "" "" "" "" "" "" "" "" "" "" ""
4258160560148155648 281.2566191660608 0.018891027 -4.565759042374355 0.019158222 -1.366159546567521 0.024363426 -5.594980738525201 0.022116555 0.16398885192740253 0.023681367 nan nan 12.755314 28.13837812606104 -0.6579091376358055 14.262078 11.576122 2.685956 "IGR J18450-0435" "" "" 29.6 "" 61.0 1.4 4.73983 0.00028 "" ""
4258428501693172736 282.0716861216644 0.13653123 -3.1713676837385054 0.14190862 -1.6872252358565853 0.15914671 -3.6522772722036527 0.13722214 0.36810538324327063 0.17614329 nan nan 17.024458 29.75031783963986 -0.7453435873024522 21.094065 15.36081 5.7332544 "IGR J18483-0311" "" "" "" "" "" "" 18.545 0.003 21.0526 0.0005
4259088994635370752 281.5533010323846 0.093761496 -2.3739097448759168 0.09704078 -1.6014907067769724 0.11734643 -2.1504326332738555 0.10132134 0.6764355935672552 0.12099661 nan nan 17.650904 30.22372840554395 0.07923084081716135 19.002638 16.482925 2.5197124 "" "" "" "" "" "" "" "" "" "" ""
4268774695647764352 285.9141280353291 0.19355014 3.2043579681435252 0.19041502 -1.7901359305974884 0.25083205 -4.336556449339966 0.24071172 0.00046904205397502174 0.21388882 nan nan 18.542234 37.17720468290918 -1.2527903447736417 20.800488 17.09401 3.706478 "4U 1901+03" "" "" "" "" "" "" 22.5827 0.0002 2.761 0.001
4278536022438800640 281.403473368695 0.16806592 0.8631594680204066 0.18489982 -1.9223053764878588 0.19187225 -3.981582670513548 0.17040698 0.08614348936089142 0.2158959 nan nan 18.606775 33.03636942521391 1.6893586565524012 20.93684 17.230015 3.7068253 "GS 1843+009" "" "" 13.5 0.0 "" "" "" "" 29.4764 0.0008
4293406612283985024 287.9565063699124 0.01839638 4.982708527256882 0.018368214 -3.0269258944121806 0.023585632 -4.776844591679762 0.023861438 0.11817711247763943 0.023269137 nan nan 12.602749 39.69407310529392 -2.244594208819768 14.155096 11.391598 2.7634983 "SS 433" 4.2 0.4 11.3 0.6 69.0 4.7 13.08 0.0 "" ""
4306419980916246656 287.70087185633383 0.6632867 7.597656302411205 0.8158613 -3.786420226899895 0.8647276 -9.027830218995849 0.95693314 -0.21834884572443208 0.74013126 nan nan 20.15432 41.896989864779755 -0.8116366366050681 21.837675 18.386135 3.45154 "4U 1909+07" "" "" 32.0 0.0 "" "" 4.4007 0.0009 603.6 0.1
4309225217336733824 287.4047303861521 0.059651483 9.832011185333132 0.06551249 -2.7485657819302163 0.07393015 -2.455443176178704 0.07641603 0.2326282846644742 0.07313712 nan nan 16.793938 43.743818692468906 0.47964676300186876 19.099142 15.419151 3.6799908 "" "" "" "" "" "" "" "" "" "" ""
4309253392325650176 288.5176059060096 0.30388293 9.882864373650197 0.33666414 -1.5972729990761414 0.38222316 -5.515624391179957 0.43199238 -0.024111477116206592 0.38501748 nan nan 18.24812 44.29634703521837 -0.4687718341225378 21.498 16.360945 5.1370544 "IGR J19140+0951" "" "" "" "" "" "" 13.558 0.004 5937.0 0.0
4310118570535453696 284.75680882608543 0.2963731 8.245457254312521 0.3373388 -1.990330774755356 0.36828628 -3.255504337241219 0.36267373 -0.46894960662420804 0.3779983 nan nan 19.470139 41.134383384326995 2.0764458051903394 20.99793 18.00686 2.9910698 "XTE J1859+083" "" "" 12.5 "" "" "" 37.97 0.09 9.79156 1e-05
4310649153642824320 286.1977687539877 0.5593506 9.044911040402665 0.61790365 -0.8740526031784608 0.72618765 -4.776992721613207 0.8123674 -0.28522739223478544 0.61274695 nan nan 19.75673 42.49718850001616 1.1748721935698823 21.705069 18.256304 3.4487648 "XTE J1906+090" "" "" "" "" "" "" 81.4 0.1 89.17 0.02
4323316622779495680 292.48292610722393 0.6488324 18.310605976333413 0.79013765 -3.0917860808492414 0.82213086 -4.182762112022142 1.0411578 0.24756403594072215 0.8005983 nan nan 20.314127 53.54007422452243 0.11502218303520666 21.717018 18.780445 2.936573 "IGR J19294+1816" "" "" 12.5 0.0 "" "" 117.2 0.2 12.44 ""
4512787627579740032 287.8284321301368 0.036209412 15.5424152324057 0.03783654 -2.3316551907380143 0.04954135 -5.026141821941105 0.045408323 -0.16699852326467718 0.0480625 nan nan 13.49664 49.00379131724761 2.746286085927929 14.906009 12.30571 2.600299 "" "" "" "" "" "" "" "" "" "" ""
5255509901121774976 154.7315592681715 0.009345571 -58.94609420856299 0.0094385855 -6.454306520313594 0.013439312 2.256007949459996 0.0133516 0.2273178405234294 0.010232987 nan nan 12.269231 284.351776705235 -1.6900802660463154 12.882478 11.495986 1.3864918 "1FGL J1018.6-5856" 2.0 "" 22.9 "" 55.3 13.1 16.5507 0.0004 "" ""
5258414192353423360 152.4456445370427 0.011654465 -58.2932074753388 0.011160533 -4.701857427618813 0.016455015 3.558790662627249 0.014097332 0.24250163068236905 0.013183098 nan nan 13.877196 283.0000248080038 -1.8216728103108153 15.243159 12.732806 2.510353 "GRO J1008-57" "" "" 17.5 "" "" "" 247.8 0.4 93.587 0.005
5259009543533179648 152.54941599149674 0.06864461 -56.925542470323926 0.064040594 -5.503265271921807 0.094429664 3.098041592670957 0.08127795 0.13270256636563818 0.07499073 nan nan 17.193579 282.2567770691186 -0.6721253252335401 19.811674 15.739238 4.0724363 "IGR J10101-5654" "" "" "" "" "" "" "" "" "" ""
5311384333263075840 136.27840443491405 0.009726454 -53.505413083748714 0.010898681 -1.995531794135815 0.012393113 2.273291749425569 0.013684997 0.053045683314559514 0.011596192 nan nan 13.145346 273.07612343985846 -4.303878231912306 13.324261 12.798444 0.5258169 "MAXI J0903-531" "" "" "" "" "" "" 3.84 "" 14.055 0.001
5333660129603575808 172.77874085540492 0.036007065 -62.946919022640415 0.038947586 -6.09783274255389 0.048337974 1.3726591176073617 0.048345596 0.5732246078053379 0.046700723 -17.942934 4.4831533 8.126811 293.9448982981836 -1.4851967908555856 8.113963 8.075031 0.038931847 "IGR J11305-6256" "" "" 17.5 "" -22.0 7.4 120.83 0.34 "" ""
5334823859608495104 177.0000300154924 0.014049242 -62.20691022592309 0.014256695 -6.226013692435175 0.017029768 1.598218529604734 0.017916959 0.47542377023483023 0.01743682 nan nan 8.652682 295.61107854733706 -0.2402410763337492 8.823288 8.294997 0.52829075 "2E 1145.5-6155" "" "" 12.5 "" -17.0 7.4 187.5 "" 292.274 0.001
5334851450481641088 176.86894042633617 0.0075419685 -61.953719225831875 0.008998829 -6.225580251990721 0.010414293 2.361537685037365 0.011920752 0.12669559944899778 0.010234012 nan nan 12.255294 295.48972809721556 -0.00970401441105653 13.309616 11.227763 2.081853 "1E 1145.1-6141" 1.7 0.3 14.0 4.0 -13.0 3.0 14.365 0.002 298.0 4.0
5335021664274920576 176.00117181802423 0.023631783 -61.126795789105415 0.023798974 -6.130315247346068 0.030184122 1.1461885127380793 0.029255215 0.060132182238807716 0.030839093 nan nan 15.658426 294.8814099586126 0.6865272933094553 16.658215 14.656919 2.001296 "IGR J11435-6109" "" "" 14.6 0.0 "" "" 52.46 0.06 161.76 0.01
5336957010898124160 170.23817252151974 0.008774158 -61.91670671055608 0.009544741 -5.421032061547652 0.012438164 1.3700031073878873 0.011767985 0.32925822598102933 0.011463728 nan nan 11.589363 292.49852714674694 -0.8918067117070271 12.270934 10.759902 1.5110321 "1A 1118-615" "" "" 18.0 "" "" "" 24.0 0.4 405.3 0.6
5337498593446516480 170.3128552789008 0.0116339 -60.62377582639316 0.011172204 -3.1209129957983794 0.01547511 2.330598792606723 0.014011557 0.13871924869678548 0.013698278 nan nan 12.878897 292.0903279139249 0.335524560942848 13.621291 12.012523 1.6087685 "Cen X-3" 1.34 0.16 20.2 1.8 32.0 13.0 2.033 0.029 4.80188 8.5e-05
5337747731560719616 166.80799982116994 0.023083717 -59.873098173924156 0.022529118 -6.7477737898981545 0.030055417 1.6925460968331725 0.026946513 0.3109803269843485 0.028121255 nan nan 7.3490963 290.1972529576185 0.39692810345244367 7.4183507 7.1577163 0.26063442 "HD 96670" 6.2 0.9 22.7 5.2 -27.5 0.02 5.28388 0.00046 "" ""
5339047221168787712 170.44505383091672 0.009735329 -59.863312990570876 0.0107302265 -5.147241767253173 0.012345709 2.7268984561761798 0.012649059 0.12325602732129044 0.012327695 -0.19622527 3.0971024 9.770652 291.89319671567364 1.0729211412351414 10.125702 9.215527 0.9101753 "IGR J11215-5952" "" "" "" "" "" "" 164.6 0.1 186.78 0.03
5352018121173519488 159.39709263439522 0.0146145085 -56.79883928571816 0.014147088 -6.305023559868493 0.020627473 3.010388342465066 0.017781056 0.17114291438872625 0.016216172 nan nan 11.243227 285.35268291005445 1.4334820988232282 11.551794 10.743039 0.8087549 "" "" "" "" "" "" "" "" "" "" ""
5489434710755238400 116.84823636345111 0.019268481 -53.33241280861758 0.019994378 -4.572287408504343 0.026735246 8.529878580408521 0.027567392 1.535976400998095 0.021055767 nan nan 7.5379996 266.31257503013796 -13.725848442105406 7.550222 7.456184 0.09403801 "" "" "" "" "" "" "" "" "" "" ""
5522306019626566528 130.19908438921945 0.014169507 -45.05837165994448 0.014210079 -7.464653413182444 0.0196477 6.099610861089923 0.019253623 0.4429759908963025 0.01678688 nan nan 7.4521995 264.04051237077897 -1.9501445659540533 7.564453 7.191624 0.37282896 "" "" "" "" "" "" "" "" "" "" ""
5523448274762133632 128.97912882722233 0.171102 -43.18817694763869 0.20810565 -3.2351680552501723 0.21527673 3.755222188875436 0.26560774 1.1050151125315832 0.21692209 nan nan 19.15114 262.0214486478775 -1.5126596233097207 20.697336 17.984554 2.712782 "" "" "" "" "" "" "" "" "" "" ""
5541793213959987968 126.55687950869762 0.006468712 -37.61995049188073 0.008861868 -2.366630185963856 0.009066156 3.176985708597615 0.012535782 0.17771276386803697 0.009650821 nan nan 12.163067 256.43820623625 0.2851841027796363 12.60049 11.526553 1.0739365 "IGR J08262-3736" "" "" "" "" "" "" "" "" "" ""
5548261400354128768 123.11814876922769 0.007459855 -31.247806699969043 0.009957176 -1.4554830142325375 0.011349086 2.1457195379781027 0.015747113 0.1183688553388317 0.012262127 nan nan 12.421294 249.5781999270527 1.5428153761569166 12.635215 12.046221 0.588994 "RX J0812.4-3114" "" "" 17.5 "" "" "" 80.39 3.0 31.908 0.009
5597252305589385984 118.9270218136784 0.008715487 -29.56485835566189 0.011557717 -2.6535157466287824 0.01131053 2.8924892487229927 0.01453928 0.2853833665183818 0.013910516 nan nan 9.938587 246.22557061032848 -0.6151217581350775 10.271199 9.411093 0.86010647 "SGR 0755-2933" 1.4 "" 18.5 1.0 2.16 0.15 59.69 0.15 307.8 0.04
5613494119551805184 112.2232407535484 0.009049844 -26.108019042809907 0.013213437 -0.8809603649723696 0.012074854 1.7852555092114903 0.018278498 0.09575911638808286 0.017103935 nan nan 11.602206 240.28158025228282 -4.050429451500062 11.893285 11.109305 0.7839794 "3A 0726-260" "" "" 38.1 "" "" "" 34.548 0.01 103.144 0.001
5620657678322625920 135.5285587975077 0.010860206 -40.55465296117549 0.012674867 -4.822178071668092 0.014743776 9.281733055172943 0.016233241 0.49623999190934365 0.015160984 nan nan 6.7351284 263.0582466143229 3.9298644181968547 6.997068 6.2766123 0.72045565 "Vela X-1" 2.12 0.16 26.0 1.0 -3.2 0.9 8.96302 0.00045 283.0 ""
5837600152935767680 189.81024184279624 0.022242656 -75.37063019320797 0.025701178 -27.34027789422274 0.03373579 -8.934340817354846 0.039839108 4.77404346153494 0.027307842 nan nan 6.5432286 302.1433834138259 -12.517557655267781 6.5555987 6.3947806 0.1608181 "" "" "" "" "" "" "" "" "" "" ""
5854175187680510336 215.3014007027238 0.044552036 -62.698879401723076 0.07053145 -6.425947989496359 0.057244178 -4.332038707619241 0.09649991 -0.02201005154412218 0.10595281 nan nan 17.756834 313.0200507368387 -1.5986266459253018 nan nan nan "" "" "" "" "" "" "" "" "" "" ""
5862285700835092352 195.49460523930014 0.059946265 -63.96912167623403 0.06522805 -6.287527903127519 0.076258466 -0.5842041216372096 0.0920886 0.07560265052473944 0.0842075 nan nan 17.306694 304.08825128367016 -1.1210396150921411 19.536026 15.889301 3.6467247 "IGR J13020-6359" "" "" 17.5 "" "" "" "" "" 700.0 ""
5862299960127967488 195.69848851536304 0.008934321 -63.83573123376698 0.009974834 -7.092820662863646 0.011759594 -0.34195092640087815 0.014234628 0.44344477764993895 0.013309076 nan nan 9.632835 304.18354481654586 -0.9915822428813386 10.15393 8.913 1.2409296 "PSR B1259-63" "" "" 22.5 7.5 0.0 1.0 1236.724526 6e-06 0.04776 ""
5862928537183584768 191.0157861157054 0.015005238 -63.375599072405734 0.017929679 -6.357054767364532 0.019444756 -0.2978005899292986 0.025250511 0.12335544015674202 0.022185102 nan nan 15.082145 302.1057677991692 -0.5156795553002121 16.729795 13.848138 2.8816576 "SRGA J124404.1-632232" "" "" "" "" "" "" 138.0 1.0 "" ""
5863533199843070208 195.3211964950643 0.008986629 -61.601844813228226 0.010867294 -4.340692264055244 0.012104981 -0.236113209203886 0.015209818 0.5395135891716509 0.014079693 nan nan 12.647679 304.10270102486777 1.247518814190948 13.952112 11.519385 2.4327269 "GX 304-1" "" "" 9.6 "" "" "" 132.5 "" 272.0 ""
5864664975280537728 206.63566597037007 0.016893605 -62.923386961743525 0.019583695 -4.748743831187859 0.021524154 -2.2605365882845696 0.023262644 0.6054838801046949 0.028642012 nan nan 8.518085 309.15505830063836 -0.7193551134314897 8.513863 8.429379 0.08448315 "HD 119682" "" "" 17.5 "" "" "" 90.0 "" 1500.0 100.0
5878377736381364608 218.28465330128793 0.06372292 -61.26107376019224 0.085314505 -7.246886900314591 0.10686461 -3.983080511175255 0.13409805 0.41530307188623306 0.115804724 nan nan 17.964556 314.8462828689717 -0.7642267023265309 19.507187 16.783253 2.7239342 "IGR J14331-6112" "" "" "" "" "" "" "" "" "" ""
5882543824607819776 236.02135471814512 0.23264913 -56.76187017074616 0.21859543 -4.167843287744988 0.3054323 -2.6135336595940055 0.28812435 -0.3558469877940469 0.3054493 nan nan nan 324.9605894142377 -1.4644638526861036 nan 17.348938 nan "" "" "" "" "" "" "" "" "" "" ""
5883218164517055488 230.1701764075732 0.10015207 -57.166742166539116 0.100981474 -5.549152942694518 0.13267566 -4.07252990135312 0.15664493 -0.2599981143064274 0.13540778 nan nan 17.775951 322.1184786573702 0.03771540102283994 20.04834 16.051708 3.9966316 "Cir X-1" "" "" "" "" 26.0 3.0 16.68 0.15 "" ""
