DATA/HMXB_20250219_.ecsv
# %ECSV 1.0
# ---
# datatype:
# - name: source_id
#   datatype: int64
#   description: Unique source identifier (unique within a particular Data Release)
#   meta: !!omap
#   - {ucd: meta.id}
# - name: ra
#   unit: deg
#   datatype: float64
#   description: Right ascension
#   meta: !!omap
#   - {ucd: pos.eq.ra;meta.main}
#   - {utype: 'stc:AstroCoords.Position3D.Value3.C1'}
#   - {CoosysSystem: ICRS}
#   - {CoosysEpoch: J2016.0}
# - name: ra_error
#   unit: mas
#   datatype: float32
#   description: Standard error of right ascension
#   meta: !!omap
#   - {ucd: stat.error;pos.eq.ra}
#   - {utype: 'stc:AstroCoords.Position3D.Error3.C1'}
# - name: dec
#   unit: deg
#   datatype: float64
#   description: Declination
#   meta: !!omap
#   - {ucd: pos.eq.dec;meta.main}
#   - {utype: 'stc:AstroCoords.Position3D.Value3.C2'}
#   - {CoosysSystem: ICRS}
#   - {CoosysEpoch: J2016.0}
# - name: dec_error
#   unit: mas
#   datatype: float32
#   description: Standard error of declination
#   meta: !!omap
#   - {ucd: stat.error;pos.eq.dec}
#   - {utype: 'stc:AstroCoords.Position3D.Error3.C2'}
# - name: pmra
#   unit: mas / yr
#   datatype: float64
#   description: Proper motion in right ascension direction
#   meta: !!omap
#   - {ucd: pos.pm;pos.eq.ra}
#   - {utype: 'stc:AstroCoords.Velocity3D.Value3.C1'}
# - name: pmra_error
#   unit: mas / yr
#   datatype: float32
#   description: Standard error of proper motion in right ascension direction
#   meta: !!omap
#   - {ucd: stat.error;pos.pm;pos.eq.ra}
#   - {utype: 'stc:AstroCoords.Velocity3D.Error3.C1'}
# - name: pmdec
#   unit: mas / yr
#   datatype: float64
#   description: Proper motion in declination direction
#   meta: !!omap
#   - {ucd: pos.pm;pos.eq.dec}
#   - {utype: 'stc:AstroCoords.Velocity3D.Value3.C2'}
# - name: pmdec_error
#   unit: mas / yr
#   datatype: float32
#   description: Standard error of proper motion in declination direction
#   meta: !!omap
#   - {ucd: stat.error;pos.pm;pos.eq.dec}
#   - {utype: 'stc:AstroCoords.Velocity3D.Error3.C2'}
# - name: parallax
#   unit: mas
#   datatype: float64
#   description: Parallax
#   meta: !!omap
#   - {ucd: pos.parallax.trig}
# - name: parallax_error
#   unit: mas
#   datatype: float32
#   description: Standard error of parallax
#   meta: !!omap
#   - {ucd: stat.error;pos.parallax.trig}
# - name: radial_velocity
#   unit: km / s
#   datatype: float32
#   description: Radial velocity
#   meta: !!omap
#   - {ucd: spect.dopplerVeloc.opt;em.opt.I}
#   - {utype: 'stc:AstroCoords.Velocity3D.Value3.C3'}
# - name: radial_velocity_error
#   unit: km / s
#   datatype: float32
#   description: Radial velocity error
#   meta: !!omap
#   - {ucd: stat.error;spect.dopplerVeloc.opt;em.opt.I}
#   - {utype: 'stc:AstroCoords.Velocity3D.Error3.C3'}
# - name: phot_g_mean_mag
#   unit: mag
#   datatype: float32
#   description: G-band mean magnitude
#   meta: !!omap
#   - {ucd: phot.mag;em.opt}
# - name: l
#   unit: deg
#   datatype: float64
#   description: Galactic longitude
#   meta: !!omap
#   - {ucd: pos.galactic.lon}
#   - {utype: 'stc:AstroCoords.Position2D.Value2.C1'}
# - name: b
#   unit: deg
#   datatype: float64
#   description: Galactic latitude
#   meta: !!omap
#   - {ucd: pos.galactic.lat}
#   - {utype: 'stc:AstroCoords.Position2D.Value2.C2'}
# - name: phot_bp_mean_mag
#   unit: mag
[...]
# - {JOBID: 1729071608168O}
# - {JOBNAME: HMXB_with_Color}
# - {RELEASE: Gaia DR3}
# schema: astropy-2.0
source_id ra ra_error dec dec_error pmra pmra_error pmdec pmdec_error parallax parallax_error radial_velocity radial_velocity_error phot_g_mean_mag l b phot_bp_mean_mag phot_rp_mean_mag bp_rp Name Mx Mx_err Mo Mo_err RV RV_err Period Period_err Spin_period Spin_period_err distance pm_l_poleski pm_b_poleski "galactic distance" "circular velocity" "LSR velocity" mu_l_sol mu_b_sol RV_r_sol mu_l_rot mu_b_rot RV_rot "Peculiar Velocity" "Peculiar Radial Velocity" peculiar_mu_l peculiar_mu_b dist_err SpType Mod_SpType SpColor
[from data line 99]
5864664975280537728 206.63566597037007 0.016893605 -62.923386961743525 0.019583695 -4.748743831187859 0.021524154 -2.2605365882845696 0.023262644 0.6054838801046949 0.028642012 nan nan 8.518085 309.15505830063836 -0.7193551134314897 8.513863 8.429379 0.08448315 "HD 119682" "" "" 17.5 "" "" "" 90.0 "" 1500.0 100.0 1.6515716319765423 -5.130444789897053 -1.1572078028755977 7.566400712672741 222.2398801485126 -191.917710295198 -2.1667229296942745 -0.9647649742594302 3.821757106753819 -3.9445246204059417 -0.0337579131915266 -18.73605865546101 7.778008646981241 "" 0.9808027602031628 -0.15868491542464086 0.07812649640475401 B0Ve xkcd:purple xkcd:green
5878377736381364608 218.28465330128793 0.06372292 -61.26107376019224 0.085314505 -7.246886900314591 0.10686461 -3.983080511175255 0.13409805 0.41530307188623306 0.115804724 nan nan 17.964556 314.8462828689717 -0.7642267023265309 19.507187 16.783253 2.7239342 "IGR J14331-6112" "" "" "" "" "" "" "" "" "" "" 2.4078800945492094 -8.226216322607192 -0.8436024645094281 7.013023597997673 221.58052979340502 -188.8722444295694 -1.5112152936447956 -0.6634597130032048 2.127368078308014 -3.735724960078833 -0.0386493321866152 -27.284514807878747 34.041852027452855 "" -2.979276068883563 -0.14149341931960807 0.6714226539661279 "early BIII or mid BV" xkcd:red xkcd:grey
5882543824607819776 236.02135471814512 0.23264913 -56.76187017074616 0.21859543 -4.167843287744988 0.3054323 -2.6135336595940055 0.28812435 0.25505162613570165 0.3054493 nan nan nan 324.9605894142377 -1.4644638526861036 nan 17.348938 nan "" "" "" "" "" "" "" "" "" "" "" 3.920774845277577 -4.894085386231645 0.499403737776991 5.749564090300532 219.8652862990788 -185.326953273105 -0.9328114419138224 -0.4102322772070427 -0.8397079295686324 -3.4344679933492097 -0.0830931833711447 -40.85836867244892 20.886134490287755 "" -0.5268059509686132 0.9927291983551784 4.695511953404129 Be? xkcd:green xkcd:red
5883218164517055488 230.1701764075732 0.10015207 -57.166742166539116 0.100981474 -5.549152942694518 0.13267566 -4.07252990135312 0.15664493 0.010817436974547956 0.13540778 nan nan 17.775951 322.1184786573702 0.03771540102283994 20.04834 16.051708 3.9966316 "Cir X-1" "" "" "" "" 26.0 3.0 16.68 0.15 "" "" 92.4433396148156 -6.87243078740587 -0.38508862765140023 85.8931409802183 244.4062011225251 -13.533064171638937 -0.03963145743849988 -0.017344149421473075 -0.17843281941658537 -0.897426502053452 -0.0001828516302642634 1229.974771351252 2605.7523446265445 -1203.7963385318353 -5.935372827913918 -0.3675616265996629 1157.1638475428645 B5-A0I xkcd:black xkcd:red
5884544931471259136 238.59067450082784 0.012693593 -55.32898953059539 0.010471327 -3.1236747705391017 0.019842379 -3.2225953484639502 0.015759258 0.7315774313408016 0.017946968 nan nan 8.689341 326.97622424510917 -1.2387208767966702 9.026089 8.127618 0.8984709 "1H 1555-552" "" "" 19.4 5.0 "" "" "" "" "" "" 1.3669093074225183 -4.464194418587551 -0.4619881438908983 7.391806427776425 222.0369965927205 -137.94671887135894 -2.6683599580794635 -1.1782024505130477 -1.4786957751282688 -2.0098571234999545 -0.059975354012263705 -15.628022397401859 5.21672621037496 "" 0.21402266299186667 0.7761896606344131 0.0335328515481709 "B2 IIIn" xkcd:red xkcd:red
5886085557746480000 235.59729827776863 0.010904525 -52.38601199162066 0.009432026 -6.710645355390543 0.014753926 -4.110864296804368 0.013893897 0.12795944829063383 0.015252326 nan nan 13.16374 327.4196587377088 2.1637003432777564 14.553851 12.017059 2.5367918 "4U 1538-522" 1.18 0.29 20.0 "" -158.0 11.0 3.72831 2e-05 526.42 0.07 7.814975864296505 -7.825490351151889 0.832866806034571 4.622595248672321 217.99687244273056 -214.54204304575433 -0.4663627422348693 -0.20320949523279516 -2.0627995384039925 -5.839865807032307 0.1012777789036797 -54.00153378063243 66.0779241611316 -101.93566668096358 -1.5192618018847126 0.9347985223636864 0.9315182167932405 "B0 Iab" xkcd:red xkcd:red
5933976985766949376 246.65214511693458 0.030918632 -51.94184815729851 0.02216208 -2.8563373848377083 0.040688593 -3.332145349614718 0.031517975 0.050120353494249176 0.038363397 nan nan 15.729032 332.7809871369111 -2.0027078877075377 16.68086 14.752704 1.9281569 "" "" "" "" "" "" "" "" "" "" "" 19.95197420374819 -4.382296682342562 -0.23944033684800287 12.977110575823637 226.98052039482138 -66.97874127928364 -0.18011440564000034 -0.08156294959170302 -3.115850876439452 -4.290692444050515 0.012828455511816531 52.96948766690326 18.185094980159402 "" 0.08851016734795358 -0.17070584276811637 15.27175002512169 B0-2Ve xkcd:purple xkcd:green
5934776158877214848 245.19273371546788 0.037520196 -51.501706020142436 0.026348773 -4.882473484444853 0.053891398 -6.022015388741489 0.040390864 0.035774547315548286 0.046343684 38.790638 4.938201 14.783707 332.45890500811436 -1.0501486044356771 17.447535 13.340123 4.1074114 "IGR J16207-5129" "" "" "" "" "" "" 9.726 "" "" "" 27.952834488149662 -7.712511204195834 -0.7876468711929886 20.786313223978024 231.2036495119873 -42.716114687889 -0.12870229121976423 -0.057805170095944124 -3.1478644517410665 -3.1032541803390803 0.008317060579503642 147.013033292291 601.6600120620117 "" -4.480554732636989 -0.7381587616765481 36.211145384697645 "B0I / B1Ia" xkcd:red xkcd:red
5935509395659726592 244.8840954475876 0.042187918 -49.741826170029775 0.025050579 -0.18399109215839704 0.061670695 -0.5449229720233741 0.043932315 0.35882505488809213 0.05053074 nan nan 16.373215 333.5570067316641 0.3390169216079117 17.096458 15.512847 1.5836115 "IGR J16195-4945" "" "" 27.8 "" "" "" 16.0 "" "" "" 2.7868733979902074 -0.5148819549639111 -0.2563012678177144 6.131635440605559 220.41935325989715 -135.10842032786965 -1.2859000343789937 -0.5737025001103093 -3.6588087785652785 -1.809636310914624 0.016949435048155038 -27.29633860744099 34.32013788611295 "" 2.580654390329707 0.3004517972444399 0.3924552389524978 ON9.7Iab xkcd:blue xkcd:blue
5940285090075838848 249.3055346035613 0.39509785 -50.72612789595593 0.28241113 0.6277619355737372 0.55667096 -4.122424253903569 0.38987854 1.6914701245789092 0.54304796 nan nan 19.783175 334.8023923852234 -2.383834775954468 20.951519 18.583153 2.3683662 "" "" "" "" "" "" "" "" "" "" "" 0.5912016922255423 -2.6573176312336866 -3.2135851915986717 7.969485944361328 222.69161002624705 -100.11964686174707 -6.0321600113584655 -2.76882216268012 -3.6626808166727893 -1.0910230215097558 -0.09254425578661235 -5.840777294613542 12.553539243578598 "" 4.4658654016345345 -0.3522187731319392 0.18980582095416207 "" xkcd:green xkcd:grey
5940576971716473344 248.16638484576487 0.041116662 -49.70382899144433 0.026625697 -4.769279217690786 0.05356946 -6.12018935660893 0.037084665 0.022914831752832043 0.050241254 nan nan 12.820149 335.06347356705464 -1.1557122758724598 15.312695 11.378886 3.9338083 "IGR J16327-4940" "" "" "" "" "" "" "" "" "" "" 43.639857834714846 -7.732818041549645 -0.6373908952367946 36.10170266546739 236.25310905973163 -22.542521173037883 -0.08163083262710749 -0.03712940926748923 -3.9051096091350437 -2.023123909214205 0.006914835302985078 301.1384903556491 1170.9366544892785 "" -5.628063299708332 -0.6071763212722905 95.6813131963291 OB xkcd:black xkcd:blue
5940777877435137024 247.95125817288326 0.13132824 -48.81687706740887 0.0885178 -4.366133479593785 0.1887052 -5.774239370792024 0.13030249 0.14310509068464536 0.178002 nan nan 17.139793 335.6159688973277 -0.44775360639278583 21.760798 15.382354 6.3784437 "IGR J16318-4848" "" "" "" "" "" "" 80.09 0.012 "" "" 6.987871606913396 -7.203060692802936 -0.7217191480289905 3.589346690634365 215.85028486626788 -210.13965652152274 -0.508586121321144 -0.23044026986787555 -4.162337905008091 -4.654171610309686 -0.0293175885182955 -52.471404009659075 69.29055545663984 "" -2.040302961172105 -0.4619612896428194 8.691899881478555 B0-5sgBe xkcd:green xkcd:green
5943166184173519744 250.46160612338068 1.3305343 -45.540403360519775 0.65422994 -8.551346793903136 1.7982253 -5.318919221188635 1.1888338 0.9562030181651716 1.0759587 nan nan 20.419172 339.18890175141337 0.4889589642760968 21.689827 18.734789 2.955038 "" "" "" "" "" "" "" "" "" "" "" 1.0458030156805707 -9.624728946911002 2.963279664429394 7.531634149497852 222.19984153181653 -88.32921100301087 -3.338601849062654 -1.5240354563239995 -5.3281225248164805 -0.8283985500309549 0.017300943449838298 -8.904468152063764 34.97055893169276 "" -5.457728547817394 4.470014177303556 1.176780309139686 BN0.5Ia xkcd:red xkcd:red
5943246345430928512 251.64690161252628 0.015588409 -45.11796081034128 0.010345971 -1.7593910230172454 0.021738498 -3.0641449978293434 0.016207684 0.29609864232667726 0.01728741 nan nan 13.484344 340.0535299011336 0.13502926660407388 14.956766 12.313041 2.6437254 "IGR J16465-4507" "" "" 27.8 "" "" "" 30.24 "" 228.0 "" 3.3772529051204776 -3.4763660598810584 -0.6319179988758852 5.448554637089247 219.40326983409153 -116.03321689387164 -1.0287550099513898 -0.47394444140707515 -5.5304904636574905 -1.2834814625158606 0.00618792713623854 -26.94284302882791 18.819972934331048 "" -1.164129587413808 -0.16416148460504856 0.19717739288833738 B0.5-1Ib xkcd:red xkcd:red
5966213219190201856 255.105188622121 0.020666698 -42.31675095154189 0.014143427 1.1808321110237392 0.02952356 -1.4697065617940481 0.023353279 0.6405461879152953 0.022926293 nan nan 8.707157 343.8034017764549 -0.029940309902722347 9.097729 8.094566 1.0031624 "" "" "" "" "" "" "" "" "" "" "" 1.561167670444771 -0.43730141786814125 -1.833894577704993 7.014325126790979 221.58213842489465 -74.29904148501849 -2.172006657266099 -1.0275004457303745 -6.573874715759044 -0.5698987526876927 -0.0009178419669873349 -10.725784582164287 18.0655303256571 "" 2.3046039920856507 -0.8054762900076313 0.05587698217463822 B2e "xkcd:dark green" xkcd:green
5976382915813535232 255.9865659301791 0.021049444 -37.8441202722809 0.012138224 2.4137032635492046 0.02806476 5.021949969731823 0.021347089 0.6327358617075665 0.025948899 nan nan 6.4204698 347.75444710988126 2.173492429913019 6.5759535 6.0885863 0.48736715 "4U 1700-377" 1.96 0.19 46.0 5.0 -60.0 10.0 3.41166 4e-06 "" "" 1.5804383163952436 5.459355496184255 1.114173464609666 6.9646916981903955 221.52058975292903 -56.84609840595855 -2.079921136161054 -0.974954593248736 -7.952405001432037 -0.333036617639879 0.052075832776272056 -8.42230947735441 60.9160634716124 -43.625285521213556 7.872313249985188 2.03705222508213 0.06481477741223182 O6Iafcp xkcd:blue xkcd:blue
5980409632300781056 260.0246347466105 0.14206049 -31.283210647628042 0.09625773 -4.450374129916061 0.16434164 -4.677040280971733 0.11456925 0.10569083806813043 0.16020228 nan nan 17.91213 355.0221182281025 3.3474131126407536 20.115522 16.507015 3.6085072 "" "" "" "" "" "" "" "" "" "" "" 9.461558052509528 -6.377549195433853 1.0036941495691287 1.2245180001620573 206.9603902125416 -124.25828947062229 -0.3229999660899317 -0.15670124066802368 -10.006598930498043 -8.817838746706387 0.1476703547343402 -16.31170531559298 131.98803716074605 "" 2.763289517362466 1.0127250355028123 14.341481221155082 "" xkcd:grey xkcd:grey
6053076566300433920 183.31156879290245 0.012357388 -64.87513252303748 0.015193149 -5.95305662663964 0.015885808 0.449629791184431 0.020752924 0.26448691327892004 0.01766936 nan nan 13.976889 298.89007133029565 -2.303521643360621 14.39801 13.351908 1.0461025 "EXMS B1210-645" "" "" 9.6 "" -42.0 11.0 6.7 0.0005 "" "" 3.7809054051208566 -5.958118420264099 -0.37666303137996027 7.449418244846888 222.10444742848472 -219.8306787168525 -0.8942614068632253 -0.40872604268783935 6.98970777817352 -5.393397656845806 -0.06092405130983405 -23.788256654495143 6.1364723359412885 -25.20145112367838 0.3295406434449326 0.09298706261771314 0.25258783113112304 B5V xkcd:red xkcd:red
6054569565614460800 186.65645139154256 0.012048252 -62.77035949368261 0.013341482 -5.226856654124623 0.015758464 -2.0707848986747575 0.018766105 0.25062115141915803 0.015989607 nan nan 9.751056 300.0980601666885 -0.03521279949727996 11.023402 8.626958 2.3964443 "GX 301-2" "" "" 43.0 10.0 4.1 2.4 41.498 0.002 680.0 "" 3.9900862091544833 -5.028048922928033 -2.5153338959248557 7.358978661701656 221.99833624767234 -219.98872923150418 -0.8546480728338591 -0.4016333919104285 6.354960220074714 -5.402589516495102 -0.0009589960648622032 -25.55042259840543 46.22898562528354 23.29546237833071 1.229188666400928 -2.112741507949565 0.2545671457391046 "B1 Ia+" xkcd:red xkcd:red
6054778507172454912 188.50210227953616 0.045904923 -61.71761859192175 0.046307925 -5.117225288166624 0.05603682 0.9981333214208672 0.059727617 0.013984799250916106 0.06126882 nan nan 16.240847 300.868492644533 1.084281380369064 19.313553 14.732504 4.581049 "" "" "" "" "" "" "" "" "" "" "" 71.50621056891416 -5.1665302763146395 0.699449555798573 67.52761627337328 242.11535366797196 -24.312086166459146 -0.047937449600160525 -0.022761243167410416 5.987458953565751 -0.9784838909976112 -0.009215753064469312 1311.1253424072847 1424.9768106188303 "" -4.140108935716867 0.7314265520304528 313.27594789006463 "" xkcd:grey xkcd:grey
6055103928246312960 190.70931703328822 0.052880954 -63.05864217078729 0.05445249 -12.857201869803877 0.06959402 -3.6770768880918028 0.074046545 2.282573124548697 0.07652348 nan nan 5.1368504 301.9579033881775 -0.2031588592223847 5.317963 4.793645 0.5243182 "1H 1249-637" "" "" 9.6 "" 22.0 7.0 226.0 6.0 14200.0 1400.0 0.43810206527237405 -12.765761621634406 -3.9829467208881053 8.276466582440497 223.02114793853391 -192.50734225753504 -7.878993628897187 -3.64985726880965 5.849260208332511 -4.093393326965743 -0.008607924754465908 -4.908662707416871 1.7799918262602725 21.059402499084364 -0.7933746657714753 -0.3244815273239894 0.014687413733103326 B0.5IVpe xkcd:purple xkcd:green
6060547335455660032 193.6534512999999 0.06200558 -57.168711407421895 0.080002375 -28.38602111310031 0.08820657 -10.446722229219034 0.11208842 8.266773469896965 0.116963275 nan nan 5.1472073 303.3645146851053 5.700370988443033 5.079194 5.1973467 -0.11815262 "" "" "" "" "" "" "" "" "" "" "" 0.12096617908322384 -28.607431330086722 -9.824208500546414 8.43440111930301 223.18614035669546 -185.1392584919189 -28.775944317172986 -14.12791932027623 4.63728252766747 -3.8535434597302074 0.24755455347538802 -1.411015598457318 3.275265123890909 "" 4.022056446816471 4.056156266254429 0.001711502134944004 B5Vne "xkcd:dark purple" xkcd:green
