DATA/HMXB_all_errors_20250310.ecsv
# %ECSV 1.0
# ---
# datatype:
# - name: source_id
#   datatype: int64
#   description: Unique source identifier (unique within a particular Data Release)
#   meta: !!omap
#   - {ucd: meta.id}
# - name: ra
#   unit: deg
#   datatype: float64
#   description: Right ascension
#   meta: !!omap
#   - {ucd: pos.eq.ra;meta.main}
#   - {utype: 'stc:AstroCoords.Position3D.Value3.C1'}
#   - {CoosysSystem: ICRS}
#   - {CoosysEpoch: J2016.0}
# - name: ra_error
#   unit: mas
#   datatype: float32
#   description: Standard error of right ascension
#   meta: !!omap
#   - {ucd: stat.error;pos.eq.ra}
#   - {utype: 'stc:AstroCoords.Position3D.Error3.C1'}
# - name: dec
#   unit: deg
#   datatype: float64
#   description: Declination
#   meta: !!omap
#   - {ucd: pos.eq.dec;meta.main}
#   - {utype: 'stc:AstroCoords.Position3D.Value3.C2'}
#   - {CoosysSystem: ICRS}
#   - {CoosysEpoch: J2016.0}
# - name: dec_error
#   unit: mas
#   datatype: float32
#   description: Standard error of declination
#   meta: !!omap
#   - {ucd: stat.error;pos.eq.dec}
#   - {utype: 'stc:AstroCoords.Position3D.Error3.C2'}
# - name: pmra
#   unit: mas / yr
#   datatype: float64
#   description: Proper motion in right ascension direction
#   meta: !!omap
#   - {ucd: pos.pm;pos.eq.ra}
#   - {utype: 'stc:AstroCoords.Velocity3D.Value3.C1'}
# - name: pmra_error
#   unit: mas / yr
#   datatype: float32
#   description: Standard error of proper motion in right ascension direction
#   meta: !!omap
#   - {ucd: stat.error;pos.pm;pos.eq.ra}
#   - {utype: 'stc:AstroCoords.Velocity3D.Error3.C1'}
# - name: pmdec
#   unit: mas / yr
#   datatype: float64
#   description: Proper motion in declination direction
#   meta: !!omap
#   - {ucd: pos.pm;pos.eq.dec}
#   - {utype: 'stc:AstroCoords.Velocity3D.Value3.C2'}
# - name: pmdec_error
#   unit: mas / yr
#   datatype: float32
#   description: Standard error of proper motion in declination direction
#   meta: !!omap
#   - {ucd: stat.error;pos.pm;pos.eq.dec}
#   - {utype: 'stc:AstroCoords.Velocity3D.Error3.C2'}
# - name: l
#   unit: deg
#   datatype: float64
#   description: Galactic longitude
#   meta: !!omap
#   - {ucd: pos.galactic.lon}
#   - {utype: 'stc:AstroCoords.Position2D.Value2.C1'}
# - name: b
#   unit: deg
#   datatype: float64
#   description: Galactic latitude
#   meta: !!omap
#   - {ucd: pos.galactic.lat}
#   - {utype: 'stc:AstroCoords.Position2D.Value2.C2'}
# - name: parallax
#   unit: mas
#   datatype: float64
#   description: Parallax
#   meta: !!omap
#   - {ucd: pos.parallax.trig}
# - name: parallax_error
#   unit: mas
#   datatype: float32
#   description: Standard error of parallax
#   meta: !!omap
#   - {ucd: stat.error;pos.parallax.trig}
# - name: radial_velocity
#   unit: km / s
#   datatype: float32
#   description: Radial velocity
#   meta: !!omap
#   - {ucd: spect.dopplerVeloc.opt;em.opt.I}
#   - {utype: 'stc:AstroCoords.Velocity3D.Value3.C3'}
# - name: radial_velocity_error
#   unit: km / s
#   datatype: float32
#   description: Radial velocity error
#   meta: !!omap
#   - {ucd: stat.error;spect.dopplerVeloc.opt;em.opt.I}
#   - {utype: 'stc:AstroCoords.Velocity3D.Error3.C3'}
# - name: ra_dec_corr
#   datatype: float32
#   description: Correlation between right ascension and declination
#   meta: !!omap
#   - {ucd: stat.correlation}
# - name: ra_parallax_corr
[...]
# - {CAPTION: 'How to cite and acknowledge Gaia: https://gea.esac.esa.int/archive/documentation/credits.html'}
# - {CITATION: 'How to cite and acknowledge Gaia: https://gea.esac.esa.int/archive/documentation/credits.html'}
# - {JOBID: 1741611384894O}
# - {JOBNAME: HMXB_pm_errs}
# - {RELEASE: Gaia DR3}
# schema: astropy-2.0
source_id ra ra_error dec dec_error pmra pmra_error pmdec pmdec_error l b parallax parallax_error radial_velocity radial_velocity_error ra_dec_corr ra_parallax_corr ra_pmra_corr ra_pmdec_corr dec_parallax_corr dec_pmra_corr dec_pmdec_corr parallax_pmra_corr parallax_pmdec_corr pmra_pmdec_corr l_err b_err pm_l_err pm_b_err
[from data line 39]
3423526544838563328 91.86088634197857 0.015897393 22.096597258920347 0.013606945 0.5732377211072881 0.019897899 -0.6083328898340276 0.013670167 188.38532157936345 0.81375073815519 0.13811993413445758 0.01807464 "" "" -0.14569163 -0.00155197 0.008497275 0.18777236 -0.39387003 0.18102537 -0.42471683 0.0022613157 0.2246663 -0.10956715 0.012728351112869764 0.007408537284861648 0.013276920115747472 0.007829504178281424
3431561565357225088 88.9793400429246 0.025333079 28.78510745617743 0.019279195 0.6335009708782582 0.034441847 -2.188869529714144 0.021136435 181.2839667823892 1.8595308169574565 0.5974982986364249 0.03006207 "" "" -0.13628672 0.0664704 0.014025197 -0.08661496 -0.29383516 -0.012894335 -0.6762941 -0.04940708 0.39677244 -0.3408383 0.019293328973021367 0.010881478150618275 0.02511366136070821 0.014042809753156667
3441207615229815040 84.72739245821431 0.0202507 26.31577524440175 0.015788812 -0.5898287895613142 0.030902112 -2.879557993302878 0.01621094 181.44504956690048 -2.643537066457817 0.5245380785708109 0.023250582 "" "" -0.29736817 -0.02723678 -0.13648744 0.16761029 -0.30680683 0.37763792 -0.82855904 0.016114784 0.4006111 -0.54792744 0.01666874707827372 0.009003834809284567 0.0223172710789555 0.011156404564332813
4040960662373474176 265.75551465281137 0.08151785 -36.37284591519637 0.057155497 -4.482602975761192 0.10855075 -1.6461457547450966 0.053175185 353.370063329925 -3.4202891724245283 -0.0831833534250851 0.09846801 "" "" 0.16841015 -0.23153412 0.16876653 -0.19169126 -0.4358424 -0.03129142 -0.8429064 -0.092742346 0.58689064 0.010449494 0.05395072827327629 0.028645154741756877 0.06896853859633263 0.03471299478238625
4054559284753424000 263.86499688214946 0.3286957 -32.931823120905946 0.26250544 -5.229906836623692 0.44514284 -8.582699679934175 0.33690384 355.45760136708867 -0.27304137285712365 0.03533694862391942 0.4148418 "" "" -0.016682977 -0.03936117 -0.020448817 -0.15080681 -0.34936002 -0.13911845 -0.428093 -0.15611938 0.33198717 0.05261995 0.2526053580432712 0.13725986140427077 0.3209028554706283 0.1731384873863904
4056922105185686784 264.79812927251425 0.04043273 -30.34381326584938 0.032697078 -0.42745718004650846 0.04873871 3.760039450836629 0.033256132 358.067753895708 0.4452361176333438 0.5159549421559745 0.048020627 "" "" 0.21881792 -0.2621954 -0.19900295 -0.21542813 -0.48537546 -0.11656322 -0.6688452 -0.039401855 0.4019183 0.13009235 0.02715092540099346 0.015333144918721875 0.03126586980563807 0.01684772265130233
4060784345959549184 266.19068598153774 0.019861849 -27.2290321367955 0.015680317 -0.8569741814419296 0.023891095 -2.295820285732529 0.015573473 1.3578175114162994 1.0519589547965902 0.787333882479544 0.023699261 "" "" 0.15276626 -0.16415952 -0.17587593 -0.075634636 -0.36649892 -0.033152204 -0.7556198 -0.14014758 0.39934582 0.19645406 0.013479199010221673 0.007618809505966278 0.013966246588491568 0.00767098643886378
4063908810076415872 268.6052987030251 0.022245996 -26.331274336947732 0.017260587 -0.5057220749359188 0.028629052 -0.667794468304362 0.018198028 3.235979885614684 -0.33555745740311615 0.3963276780006648 0.026676178 "" "" 0.1597972 -0.16173238 -0.04662213 -0.020389227 -0.38517565 -0.037957013 -0.71346563 0.024221782 0.41655448 0.27324647 0.01475645890990641 0.008389885147851035 0.015452913265764581 0.008701383308186405
4070770243676311936 269.64397104543735 0.27038908 -21.389332109203 0.19027168 -2.36538712986673 0.35116014 -3.810504961475337 0.23855187 7.98621486794217 1.3265957398942791 0.133383862286102 0.22734681 "" "" 0.27024317 -0.062394608 0.7005323 0.25005788 -0.23031868 0.1926275 0.4423281 0.14961629 0.2716996 0.41843647 0.15446935240187337 0.08838224173708589 0.17765882602883712 0.10185820517370497
4070968778561141760 270.6747368583342 0.1046788 -20.28816679699591 0.08847612 -3.4065403956576787 0.122498386 -5.488820512486482 0.093483455 9.420451483310611 1.0361026058400398 -0.1513713833942148 0.13062473 "" "" 0.16648251 0.032953784 0.055304326 -0.09380419 -0.44769078 -0.13063791 -0.45064816 -0.066575 0.3769547 0.3008372 0.07367659635677506 0.042125120692760205 0.07396197384756356 0.04222959802189722
4097365235226829312 274.65790272639975 0.1513979 -17.0466781588456 0.13582104 -1.5716344381062806 0.17518789 -4.595354065094506 0.13012648 14.080442512446384 -0.704044807799442 0.4049875876480283 0.1654282 "" "" -0.16776691 0.013277836 0.27119085 -0.3433143 -0.46387342 -0.34372446 -0.10987901 -0.040396478 0.20827232 -0.101641975 0.12432927022632188 0.07375364878413235 0.11974208828199003 0.07250225653393412
4104196427943626624 276.5627681201673 0.012748371 -14.848438248314068 0.011323812 7.425312749534734 0.014174469 -8.151225884328909 0.011673848 16.881564472210624 -1.2892552605096488 0.4900256100180399 0.015014423 "" "" 0.18080483 -0.19994847 0.056419738 -0.108952686 -0.43027538 -0.07036269 -0.2226297 -0.06363181 0.17485921 0.23849624 0.009535825706239506 0.0053559519990374225 0.009696636141673053 0.005433960921751835
4146789141900648576 271.1624089614886 0.23183206 -14.9464336382636 0.19731422 2.8163949695952675 0.32420734 0.5248669367618788 0.21428205 14.30687793079159 3.2517753399711236 0.35637339844069704 0.25637776 "" "" 0.23655571 -0.0023291255 -0.05848582 -0.2825299 -0.17361026 -0.2595017 -0.45044535 -0.26497823 0.15639043 0.17099883 0.16202958731753198 0.09106870672447395 0.1822511659018707 0.10373014424413823
4152643113595580416 275.3323425004492 0.2298688 -13.310890956750724 0.21091765 -4.75717570226309 0.2571612 -7.1269597874352915 0.22176196 17.68122944365532 0.48526330998641776 0.11183301870190533 0.21015081 "" "" 0.55383384 -0.15671155 -0.42531282 -0.4479759 -0.20074171 -0.4031271 -0.5937406 -0.11061135 0.08453916 0.46953428 0.16375634345553025 0.08102400657762475 0.17501421446399404 0.08967248558317126
4155000844481174656 278.36569954826433 0.1535262 -10.5901247948528 0.14745554 0.9373345779226703 0.17834847 -0.605058544140186 0.1497472 21.470675280813587 -0.874250826718959 1.077420939495517 0.19435559 "" "" 0.14841823 -0.11963972 0.031276476 -0.09841661 -0.5082553 -0.024904251 -0.20511435 -0.12258827 0.186743 0.23253582 0.12727610137323303 0.06990473442834699 0.12775700882288699 0.06964131348334825
4155023796790984064 278.3679185343803 0.023960538 -10.40243295086028 0.020646106 0.014129598024954813 0.027040828 -0.10350403724001421 0.022528417 21.63824683138313 -0.7896417890712586 0.47356343645215393 0.028008316 "" "" 0.1710123 -0.31979427 0.111652374 -0.13747522 -0.33251968 -0.04128017 -0.18895587 -0.21298194 0.18258956 0.18422289 0.017775903574566976 0.009855607332706537 0.019359469425330154 0.010750669556918299
4156747212545110400 278.8576017596259 2.8617914 -7.614004545977431 2.1571057 "" "" "" "" 24.33602586714134 0.06569920978307321 "" "" "" "" 0.76177156 "" "" "" "" "" "" "" "" "" nan nan nan nan
4253473896214500096 280.1953568961291 0.012800918 -5.680628093067283 0.0119924545 -1.024953867964975 0.016244514 -2.9397122252012013 0.015440416 26.66356550809258 -0.22748946896916325 0.23260881745470705 0.014541045 2.2828214 28.66568 0.05202841 0.045144554 -0.10875666 -0.059601407 -0.28474683 -0.058013704 -0.22004177 -0.0746081 0.161943 0.25440586 0.01060586044433879 0.005921663387522674 0.013636890278503516 0.006964624312971244
4255891924062617088 283.8766800200503 0.014235792 -2.604679419397789 0.014256109 -2.519200396441113 0.016839296 -6.766008688499971 0.015563221 31.07634694239799 -2.092060444110593 0.07777430499571139 0.016119283 "" "" 0.22038351 -0.076730035 -0.30050305 -0.105102226 -0.38179532 -0.0681481 -0.3726244 -0.048358425 0.13548994 0.16425964 0.012936718063279631 0.006600529999483053 0.014084943404245574 0.0075097051109745475
4256500538116700160 280.251804741005 0.03932624 -5.596266865591954 0.03323552 -2.0680431345707846 0.046430107 -5.376487117697893 0.040314328 26.764284956669265 -0.23881101580482592 -0.1100908803641378 0.040199146 "" "" 0.28062704 0.3626114 -0.14958082 -0.3051891 -0.17085564 -0.34109026 -0.3691315 -0.07149012 -0.019259907 0.4976805 0.029365909146951585 0.014996907242006913 0.03558303720562504 0.015932229712123318
4258160560148155648 281.2566191660608 0.018891027 -4.565759042374355 0.019158222 -1.366159546567521 0.024363426 -5.594980738525201 0.022116555 28.13837812606104 -0.6579091376358055 0.16398885192740253 0.023681367 "" "" 0.088581376 -0.022021662 -0.23226184 -0.031199582 -0.4231789 0.094627455 -0.32959032 -0.29460254 0.18648043 0.19160005 0.017027866323149055 0.009249154336256239 0.019711997763828346 0.010375257008041193
4258428501693172736 282.0716861216644 0.13653123 -3.1713676837385054 0.14190862 -1.6872252358565853 0.15914671 -3.6522772722036527 0.13722214 29.75031783963986 -0.7453435873024522 0.36810538324327063 0.17614329 "" "" 0.27241886 -0.13136904 -0.023344029 -0.1893565 -0.53713125 -0.04607454 -0.124541394 -0.21975982 -0.06487309 0.25223938 0.1280088995314352 0.06316473155718105 0.12404662484720978 0.06301987294618602
4259088994635370752 281.5533010323846 0.093761496 -2.3739097448759168 0.09704078 -1.6014907067769724 0.11734643 -2.1504326332738555 0.10132134 30.22372840554395 0.07923084081716135 0.6764355935672552 0.12099661 "" "" 0.08426376 0.06737171 -0.16680688 -0.12729485 -0.42119223 0.010091479 -0.15629007 -0.29736033 0.010642519 0.21415935 0.08685946076738339 0.0464878725172129 0.0916833812559424 0.04702221526939878
4268774695647764352 285.9141280353291 0.19355014 3.2043579681435252 0.19041502 -1.7901359305974884 0.25083205 -4.336556449339966 0.24071172 37.17720468290918 -1.2527903447736417 0.00046904205397502174 0.21388882 "" "" 0.21972734 0.10184154 -0.34471786 -0.2823939 -0.22819401 -0.22659452 -0.11523154 -0.0700341 -0.16702223 0.34345844 0.1793878223588066 0.08808284366606209 0.2321992804351979 0.1047981455051363
4278536022438800640 281.403473368695 0.16806592 0.8631594680204066 0.18489982 -1.9223053764878588 0.19187225 -3.981582670513548 0.17040698 33.03636942521391 1.6893586565524012 0.08614348936089142 0.2158959 "" "" 0.2842137 0.020359011 -0.23523125 -0.24631353 -0.4767199 -0.09305305 -0.33835858 -0.31597605 0.08439098 0.30769417 0.1703055329653409 0.08091580194846136 0.15887860220196634 0.07438957060848236
4293406612283985024 287.9565063699124 0.01839638 4.982708527256882 0.018368214 -3.0269258944121806 0.023585632 -4.776844591679762 0.023861438 39.69407310529392 -2.244594208819768 0.11817711247763943 0.023269137 "" "" 0.15448552 -0.10223455 0.13114502 -0.059988663 -0.18811388 -0.06559765 0.076226756 -0.029437132 -0.07155617 0.24891236 0.017296062021497548 0.008874806360361764 0.022890204847934137 0.010992832651407932
4306419980916246656 287.70087185633383 0.6632867 7.597656302411205 0.8158613 -3.786420226899895 0.8647276 -9.027830218995849 0.95693314 41.896989864779755 -0.8116366366050681 -0.21834884572443208 0.74013126 "" "" 0.6231721 -0.1708491 0.25869524 0.2541834 -0.25125766 0.25731045 0.33769226 -0.02815288 0.023585044 0.5754183 0.831817760679669 0.30648016136658385 0.9830405570623981 0.3650049305796877
4309225217336733824 287.4047303861521 0.059651483 9.832011185333132 0.06551249 -2.7485657819302163 0.07393015 -2.455443176178704 0.07641603 43.743818692468906 0.47964676300186876 0.2326282846644742 0.07313712 "" "" 0.16190143 -0.0076479483 -0.11620135 -0.24387307 -0.26429 -0.20025596 -0.2024544 -0.16117968 0.021826606 0.24465537 0.06226201950964284 0.030102802219658737 0.07471099011522128 0.03413727854749538
4309253392325650176 288.5176059060096 0.30388293 9.882864373650197 0.33666414 -1.5972729990761414 0.38222316 -5.515624391179957 0.43199238 44.29634703521837 -0.4687718341225378 -0.024111477116206592 0.38501748 "" "" -0.032773435 -0.1954182 0.27224797 -0.1624059 -0.29718003 -0.14127235 0.41698623 0.049599797 -0.0027701142 0.023783233 0.3040336933566934 0.16808514245530662 0.3955971974250762 0.21092115879343748
4310118570535453696 284.75680882608543 0.2963731 8.245457254312521 0.3373388 -1.990330774755356 0.36828628 -3.255504337241219 0.36267373 41.134383384326995 2.0764458051903394 -0.46894960662420804 0.3779983 "" "" 0.42603245 -0.13237126 0.00681712 -0.08656937 -0.22677673 -0.04834666 -0.07934392 -0.23715639 -0.17931826 0.42776695 0.3336418796890947 0.13863739318757362 0.36600236573931505 0.14819478375110903
4310649153642824320 286.1977687539877 0.5593506 9.044911040402665 0.61790365 -0.8740526031784608 0.72618765 -4.776992721613207 0.8123674 42.49718850001616 1.1748721935698823 -0.28522739223478544 0.61274695 "" "" 0.47435516 -0.29110318 0.44550845 0.10782696 -0.3567448 0.15692864 0.34892115 -0.13905224 -0.021112297 0.44517118 0.6252801257395888 0.24850956496760981 0.8156700673287498 0.3311736200781226
4323316622779495680 292.48292610722393 0.6488324 18.310605976333413 0.79013765 -3.0917860808492414 0.82213086 -4.182762112022142 1.0411578 53.54007422452243 0.11502218303520666 0.24756403594072215 0.8005983 "" "" 0.45921132 0.087189354 0.34017074 0.35528082 0.1545325 0.35277408 0.49151677 0.01345819 0.12943275 0.5161446 0.8281969638824647 0.3218460677473306 1.0974971545316836 0.414520480633838
4512787627579740032 287.8284321301368 0.036209412 15.5424152324057 0.03783654 -2.3316551907380143 0.04954135 -5.026141821941105 0.045408323 49.00379131724761 2.746286085927929 -0.16699852326467718 0.0480625 "" "" 0.30143997 -0.2274368 -0.05864838 -0.13715467 -0.23490325 -0.17167094 0.20230177 -0.036983345 -0.111523435 0.31169686 0.038517041382495634 0.016014231150113852 0.047749366585326525 0.01919062459092505
5255509901121774976 154.7315592681715 0.009345571 -58.94609420856299 0.0094385855 -6.454306520313594 0.013439312 2.256007949459996 0.0133516 284.351776705235 -1.6900802660463154 0.2273178405234294 0.010232987 "" "" 0.20274132 0.0050163534 0.09145057 0.27701885 0.00024041694 0.2753172 0.05223848 0.008872101 0.036562473 0.34942484 0.009836745289689376 0.0040982996881329435 0.01461402661954962 0.0054201938419779355
5258414192353423360 152.4456445370427 0.011654465 -58.2932074753388 0.011160533 -4.701857427618813 0.016455015 3.558790662627249 0.014097332 283.0000248080038 -1.8216728103108153 0.24250163068236905 0.013183098 "" "" 0.11773295 0.035908896 -0.0035447367 0.14841524 0.08900985 0.17063151 -0.11699358 0.22276331 0.048041884 0.17436579 0.01196558884877979 0.005036221141486986 0.016928671750066404 0.006309580467827348
5259009543533179648 152.54941599149674 0.06864461 -56.925542470323926 0.064040594 -5.503265271921807 0.094429664 3.098041592670957 0.08127795 282.2567770691186 -0.6721253252335401 0.13270256636563818 0.07499073 "" "" 0.07855532 -0.02436049 -0.2132689 0.054173075 0.08617678 0.08618753 -0.23876601 0.058239006 -0.017673455 0.17209761 0.06960682843697812 0.030590306955125893 0.09722270085447562 0.037745066872556556
5311384333263075840 136.27840443491405 0.009726454 -53.505413083748714 0.010898681 -1.995531794135815 0.012393113 2.273291749425569 0.013684997 273.07612343985846 -4.303878231912306 0.053045683314559514 0.011596192 "" "" -0.08710857 -0.08615161 -0.17564163 0.13158451 0.23380657 0.17607221 -0.30299947 0.115836844 0.17675714 -0.06963102 0.009588660337757514 0.004752781240335253 0.01227611450315223 0.005947606467623674
5333660129603575808 172.77874085540492 0.036007065 -62.946919022640415 0.038947586 -6.09783274255389 0.048337974 1.3726591176073617 0.048345596 293.9448982981836 -1.4851967908555856 0.5732246078053379 0.046700723 -17.942934 4.4831533 0.10481125 0.001963051 -0.06583776 0.07107536 0.3001248 0.09822482 -0.017263534 0.06857937 -0.033740025 0.23458868 0.03621396032563472 0.017594694248689736 0.04932476860252105 0.020863921602823413
