DATA/HMXB_practice_analysis.ecsv
# %ECSV 1.0
# ---
# datatype:
# - name: source_id
#   datatype: int64
#   description: Unique source identifier (unique within a particular Data Release)
#   meta: !!omap
#   - {ucd: meta.id}
# - name: ra
#   unit: deg
#   datatype: float64
#   description: Right ascension
#   meta: !!omap
#   - {ucd: pos.eq.ra;meta.main}
#   - {utype: 'stc:AstroCoords.Position3D.Value3.C1'}
#   - {CoosysSystem: ICRS}
#   - {CoosysEpoch: J2016.0}
# - name: ra_error
#   unit: mas
#   datatype: float32
#   description: Standard error of right ascension
#   meta: !!omap
#   - {ucd: stat.error;pos.eq.ra}
#   - {utype: 'stc:AstroCoords.Position3D.Error3.C1'}
# - name: dec
#   unit: deg
#   datatype: float64
#   description: Declination
#   meta: !!omap
#   - {ucd: pos.eq.dec;meta.main}
#   - {utype: 'stc:AstroCoords.Position3D.Value3.C2'}
#   - {CoosysSystem: ICRS}
#   - {CoosysEpoch: J2016.0}
# - name: dec_error
#   unit: mas
#   datatype: float32
#   description: Standard error of declination
#   meta: !!omap
#   - {ucd: stat.error;pos.eq.dec}
#   - {utype: 'stc:AstroCoords.Position3D.Error3.C2'}
# - name: pmra
#   unit: mas / yr
#   datatype: float64
#   description: Proper motion in right ascension direction
#   meta: !!omap
#   - {ucd: pos.pm;pos.eq.ra}
#   - {utype: 'stc:AstroCoords.Velocity3D.Value3.C1'}
# - name: pmra_error
#   unit: mas / yr
#   datatype: float32
#   description: Standard error of proper motion in right ascension direction
#   meta: !!omap
#   - {ucd: stat.error;pos.pm;pos.eq.ra}
#   - {utype: 'stc:AstroCoords.Velocity3D.Error3.C1'}
# - name: pmdec
#   unit: mas / yr
#   datatype: float64
#   description: Proper motion in declination direction
#   meta: !!omap
#   - {ucd: pos.pm;pos.eq.dec}
#   - {utype: 'stc:AstroCoords.Velocity3D.Value3.C2'}
# - name: pmdec_error
#   unit: mas / yr
#   datatype: float32
#   description: Standard error of proper motion in declination direction
#   meta: !!omap
#   - {ucd: stat.error;pos.pm;pos.eq.dec}
#   - {utype: 'stc:AstroCoords.Velocity3D.Error3.C2'}
# - name: parallax
#   unit: mas
#   datatype: float64
#   meta: !!omap
#   - {ucd: pos.parallax.trig}
# - name: parallax_error
#   unit: mas
#   datatype: float32
#   description: Standard error of parallax
#   meta: !!omap
#   - {ucd: stat.error;pos.parallax.trig}
# - name: radial_velocity
#   unit: km / s
#   datatype: float32
#   description: Radial velocity
#   meta: !!omap
#   - {ucd: spect.dopplerVeloc.opt;em.opt.I}
#   - {utype: 'stc:AstroCoords.Velocity3D.Value3.C3'}
# - name: radial_velocity_error
#   unit: km / s
#   datatype: float32
#   description: Radial velocity error
#   meta: !!omap
#   - {ucd: stat.error;spect.dopplerVeloc.opt;em.opt.I}
#   - {utype: 'stc:AstroCoords.Velocity3D.Error3.C3'}
# - name: phot_g_mean_mag
#   unit: mag
#   datatype: float32
#   description: G-band mean magnitude
#   meta: !!omap
#   - {ucd: phot.mag;em.opt}
# - name: l
#   unit: deg
#   datatype: float64
#   description: Galactic longitude
#   meta: !!omap
#   - {ucd: pos.galactic.lon}
#   - {utype: 'stc:AstroCoords.Position2D.Value2.C1'}
# - name: b
#   unit: deg
#   datatype: float64
#   description: Galactic latitude
#   meta: !!omap
#   - {ucd: pos.galactic.lat}
#   - {utype: 'stc:AstroCoords.Position2D.Value2.C2'}
# - name: ruwe
#   datatype: float32
[...]
# - {CAPTION: 'How to cite and acknowledge Gaia: https://gea.esac.esa.int/archive/documentation/credits.html'}
# - {CITATION: 'How to cite and acknowledge Gaia: https://gea.esac.esa.int/archive/documentation/credits.html'}
# - {JOBID: 1740486527543O}
# - {JOBNAME: HMXB_add_ruwe}
# - {RELEASE: Gaia DR3}
# schema: astropy-2.0
source_id ra ra_error dec dec_error pmra pmra_error pmdec pmdec_error parallax parallax_error radial_velocity radial_velocity_error phot_g_mean_mag l b ruwe distance_bj distance_bj_low distance_bj_high Name Mx Mx_err Mo Mo_err RV RV_err Period Period_err Spin_period Spin_period_err distance_para pm_l_poleski pm_b_poleski "galactic distance" "circular velocity" "LSR velocity" mu_l_sol mu_b_sol RV_r_sol mu_l_rot mu_b_rot RV_rot "Peculiar Velocity" "Peculiar Radial Velocity" peculiar_mu_l peculiar_mu_b "Peculiar Velocity 3D" dist_err SpType Mod_SpType SpColor
[from data line 48]
4070968778561141760 270.6747368583342 0.1046788 -20.28816679699591 0.08847612 -3.4065403956576787 0.122498386 -5.488820512486482 0.093483455 -0.020746656979534317 0.13062473 "" "" 16.801586 9.420451483310611 1.0361026058400398 1.0201756 7.4393853 5.0848633 10.331755999999999 "IGR J18027-2016" 1.5 0.4 20.0 3.0 51.7 2.4 4.5696 0.0009 139.612 0.006 -48.20053664484148 -6.454986779143893 0.2545854799816391 1.683092365192908 209.55070221411353 172.8374277174327 -0.3303453414768317 -0.20888508310048284 -13.015691684413042 -2.64410650973818 -0.07478832337784 28.87425175206107 124.19198738577714 35.841439932351975 -3.4805349279288813 0.538258886459962 129.26042916242164 303.4793469851124 B1Ib xkcd:red xkcd:red
4097365235226829312 274.65790272639975 0.1513979 -17.0466781588456 0.13582104 -1.5716344381062806 0.17518789 -4.595354065094506 0.13012648 0.4049875876480283 0.1654282 "" "" 15.919185 14.080442512446384 -0.704044807799442 1.4699534 2.3352253000000003 1.7089199000000002 3.2485417 "SAX J1818.6-1703" "" "" "" "" "" "" 30.0 "" "" "" 2.469211478325831 -4.790834949389272 -0.7970033113686185 6.260932642531263 220.59936496635663 72.33368101740001 -0.9543729005666274 -0.7018541036534344 -13.689750481863394 -0.5182908954520925 0.02124828369730824 14.09780710937767 36.751320879221154 "" -3.3181711533705527 -0.11639749141249234 "" 1.0086166548158626 B0.5Iab xkcd:red xkcd:red
4104196427943626624 276.5627681201673 0.012748371 -14.848438248314068 0.011323812 7.425312749534734 0.014174469 -8.151225884328909 0.011673848 0.4900256100180399 0.015014423 "" "" 10.798686 16.881564472210624 -1.2892552605096488 0.749916 1.9012328 1.8470352 1.9708965 "LS 5039" "" "" 23.0 "" 17.3 0.5 3.90607 8e-05 8.891 0.001 2.040709668139969 -3.7327492501273345 -10.375178836117982 6.703919223419495 221.19012733712734 80.79730436100914 -1.0960773575712812 -0.8787839022581286 -14.109344132673334 -0.6631724442072787 0.04273403197093156 13.496083932433084 87.78557017281642 17.913260200240252 -1.9734994483487744 -9.539128965830786 89.59459370725439 0.0625275040088767 ON6V((f))z xkcd:blue xkcd:blue
4146789141900648576 271.1624089614886 0.23183206 -14.9464336382636 0.19731422 2.8163949695952675 0.32420734 0.5248669367618788 0.21428205 0.35637339844069704 0.25637776 "" "" 19.099766 14.30687793079159 3.2517753399711236 0.9389223 3.9536619 2.7067759999999996 5.2580103 "" "" "" "" "" "" "" "" "" "" "" 2.806045581335406 1.8355272451174276 -2.1996376198135343 4.775800645115384 218.27508864226965 95.31697515610968 -0.560787863938382 -0.36304064607054637 -14.234657675005737 -0.8336503099646971 -0.12832047740871774 23.78135278793313 68.47513544617489 "" 3.2299654190205067 -1.7082764963342703 "" 2.018690716522475 "" xkcd:grey xkcd:grey
4152643113595580416 275.3323425004492 0.2298688 -13.310890956750724 0.21091765 -4.75717570226309 0.2571612 -7.1269597874352915 0.22176196 0.11183301870190533 0.21015081 "" "" 18.37008 17.68122944365532 0.48526330998641776 1.048254 4.2838755 2.5541039999999997 5.7608906 "IGR J18214-1318" "" "" "" "" "" "" 5.4246 0.0004 "" "" 8.941902951448835 -8.528933161134926 0.8255759243188876 4.606202063169752 217.96658009505495 121.50688167160357 -0.4765866663517317 -0.3682534387396508 -14.484273815655245 -1.3498584977201291 -0.023559295415212705 30.608097203602487 138.32457716945706 "" -6.702487997063065 1.217388658473751 "" 16.803160220250376 B0V-O9I xkcd:red xkcd:red
4155000844481174656 278.36569954826433 0.1535262 -10.5901247948528 0.14745554 0.9373345779226703 0.17834847 -0.605058544140186 0.1497472 1.077420939495517 0.19435559 "" "" 11.717419 21.470675280813587 -0.874250826718959 8.233029 0.8948812 0.7905605 1.1043906 "ATO J278.3657-10.5901" "" "" 14.6 "" "" "" "" "" "" "" 0.928142347473061 -0.10160500949924658 -1.1110213206105315 7.6743076526029546 222.36303428422 89.35119639471976 -2.0517912383993537 -1.8455692561022277 -14.910764018952339 -0.8542420726808391 0.03116486859458265 7.821358273661167 12.264097295692975 "" 2.804428301580946 0.7033830668971135 "" 0.1674272783393442 B0.5Ve xkcd:purple xkcd:green
4155023796790984064 278.3679185343803 0.023960538 -10.40243295086028 0.020646106 0.014129598024954813 0.027040828 -0.10350403724001421 0.022528417 0.47356343645215393 0.028008316 "" "" 10.961636 21.63824683138313 -0.7896417890712586 0.8154473 1.9425329999999998 1.8258368 2.054208 "SNR 021.5-00.9" "" "" 17.5 "" "" "" "" "" "" "" 2.1116495130870057 -0.08515719185856126 -0.0605060653165717 6.732732660597006 221.22724211261712 102.18807075875317 -0.9404363763322083 -0.8478578899842828 -14.94769522358963 -1.0633982918891565 0.03187181883645719 16.86518270786926 18.98659638100466 "" 1.9186774763628036 0.755480005831254 "" 0.12489086294156568 B0Ve xkcd:purple xkcd:green
4156747212545110400 278.8576017596259 2.8617914 -7.614004545977431 2.1571057 "" "" "" "" "" "" "" "" 20.38705 24.33602586714134 0.06569920978307321 "" "" "" "" "" "" "" "" "" "" "" "" "" "" "" 1.0 "" "" 0.0 1.5664 inf "" "" -15.453451310017302 "" "" nan "" "" "" "" "" "" M5III-V xkcd:grey xkcd:grey
4253473896214500096 280.1953568961291 0.012800918 -5.680628093067283 0.0119924545 -1.024953867964975 0.016244514 -2.9397122252012013 0.015440416 0.23260881745470705 0.014541045 2.2828214 28.66568 11.229876 26.66356550809258 -0.22748946896916325 0.83883786 3.8791658 3.6804189999999997 4.0827747 "" "" "" "" "" "" "" "" "" "" "" 4.299063169411956 -3.0811369812473988 -0.44613148425484056 5.325900560209575 219.20794014846211 156.03098286485718 -0.3974072862910663 -0.41672865530061043 -15.724206436025602 -2.342207937730096 0.01270504600766562 36.866007497815204 6.327194886163614 "" -0.34152175722623657 -0.04210787496189575 "" 0.26874677823027415 B5V xckd:black xkcd:red
4255891924062617088 283.8766800200503 0.014235792 -2.604679419397789 0.014256109 -2.519200396441113 0.016839296 -6.766008688499971 0.015563221 0.07777430499571139 0.016119283 "" "" 13.440664 31.07634694239799 -2.092060444110593 1.0999284 7.386871 6.600535 8.207930000000001 "XTE J1855-026" "" "" "" "" "" "" 6.067 0.004 361.1 0.4 12.85771695491386 -7.167415166949448 -0.8679884992724095 4.388710622257013 217.5545774940206 216.24362476368572 -0.17345718055237533 -0.23387586971119015 -15.981747589863017 -5.530998512028297 0.11091263343156617 54.89000038884699 57.48353463198125 "" -1.462959474368775 -0.7450252629927856 "" 2.664854085035304 B0Iaep xkcd:green xkcd:red
4256500538116700160 280.251804741005 0.03932624 -5.596266865591954 0.03323552 -2.0680431345707846 0.046430107 -5.376487117697893 0.040314328 -0.0698917346894323 0.040199146 "" "" 12.965174 26.764284956669265 -0.23881101580482592 1.6447752 13.7243 10.89538 17.75184 "" "" "" "" "" "" "" "" "" "" "" -14.307843473102421 -5.724411931387568 -0.6438355170417409 7.2310062051098525 221.84602798850534 116.46632879689248 -0.11190105337213894 -0.11783670504463015 -15.735512843263681 -5.888764346733964 0.0011139549524907663 14.790462106356413 38.714232888887345 "" 0.2762534687185356 -0.5271127669496015 "" 8.229343378325018 B1Ib xkcd:red xkcd:red
4258160560148155648 281.2566191660608 0.018891027 -4.565759042374355 0.019158222 -1.366159546567521 0.024363426 -5.594980738525201 0.022116555 0.16398885192740253 0.023681367 "" "" 12.755314 28.13837812606104 -0.6579091376358055 0.990443 4.9657944 4.4244520000000005 5.6392383 "IGR J18450-0435" "" "" 29.6 "" 61.0 1.4 4.73983 0.00028 "" "" 6.0979754919114715 -5.596216970670979 -1.3610866939029658 4.7402098735595715 218.21122950308964 183.50875888683973 -0.29311593218176657 -0.33063739520444696 -15.849039520111806 -3.253731322339272 0.04014501387053702 45.88967259645562 54.42333415220194 30.959366923656187 -2.0493697161499407 -1.0705943125690558 62.61295154004327 0.8805988502429251 O9.5I xkcd:blue xkcd:blue
4258428501693172736 282.0716861216644 0.13653123 -3.1713676837385054 0.14190862 -1.6872252358565853 0.15914671 -3.6522772722036527 0.13722214 0.36810538324327063 0.17614329 "" "" 17.024458 29.75031783963986 -0.7453435873024522 1.542712 2.5518967 1.9922505000000001 3.4020479 "IGR J18483-0311" "" "" "" "" "" "" 18.545 0.003 21.0526 0.0005 2.716613354548873 -4.019097414822756 -0.18087078186292796 6.410925700833437 220.80376897086873 144.19392011382277 -0.533092040826394 -0.6455955850940852 -16.024899710271026 -2.0937602774716333 0.03825704737332993 26.82849512959179 17.612946412898616 "" -1.3922450965247286 0.42646775585782737 "" 1.2999353770446576 B0.5-1Iab xkcd:red xkcd:red
4259088994635370752 281.5533010323846 0.093761496 -2.3739097448759168 0.09704078 -1.6014907067769724 0.11734643 -2.1504326332738555 0.10132134 0.6764355935672552 0.12099661 "" "" 17.650904 30.22372840554395 0.07923084081716135 0.9846449 1.6504329 1.3391590000000002 2.0476625 "" "" "" "" "" "" "" "" "" "" "" 1.47833734580168 -2.6462259339821044 0.43199687552420307 7.122536420864109 221.7148897980028 132.10972793929787 -0.807207032557862 -0.9686272598460833 -16.188349840951997 -1.8170609532400093 -0.0037857984911944037 17.946408605223592 10.988114659788328 "" -0.021957948184233134 1.4044099338614808 "" 0.26443582802150756 "" xkcd:grey xkcd:grey
4268774695647764352 285.9141280353291 0.19355014 3.2043579681435252 0.19041502 -1.7901359305974884 0.25083205 -4.336556449339966 0.24071172 0.00046904205397502174 0.21388882 "" "" 18.542234 37.17720468290918 -1.2527903447736417 1.0161881 4.513077 3.8434993 5.611925 "4U 1901+03" "" "" "" "" "" "" 22.5827 0.0002 2.761 0.001 2132.004990864324 -4.672635855744124 -0.42045528649616354 5.611833531113004 219.65684194440013 199.70249775916966 -0.20146938297591674 -0.3723825563024554 -16.653173168059592 -4.052459246902132 0.06992781744226091 45.160831394235466 9.30587909571531 "" -0.4187072258660747 -0.11800054763596902 "" 972219.9456611013 "B8-9 IVe" "xkcd:dark purple" xkcd:green
4278536022438800640 281.403473368695 0.16806592 0.8631594680204066 0.18489982 -1.9223053764878588 0.19187225 -3.981582670513548 0.17040698 0.08614348936089142 0.2158959 "" "" 18.606775 33.03636942521391 1.6893586565524012 0.9489674 4.8330103 3.970275 6.900942 "GS 1843+009" "" "" 13.5 0.0 "" "" "" "" 29.4764 0.0008 11.608538351756081 -4.419577076344119 -0.12488790518501135 5.17106223658856 218.95509075562245 194.95760639941588 -0.24066932715137956 -0.3104180936661817 -16.685130702520002 -3.7905647853615334 -0.09936233834329272 46.951946082322124 11.033561670631252 "" -0.38834296383120614 0.2848925268244631 "" 29.093735631508533 B0-2IV-Ve xkcd:purple xkcd:green
4293406612283985024 287.9565063699124 0.01839638 4.982708527256882 0.018368214 -3.0269258944121806 0.023585632 -4.776844591679762 0.023861438 0.11817711247763943 0.023269137 "" "" 12.602749 39.69407310529392 -2.244594208819768 1.2414011 6.3208223 5.5387407 7.907363999999999 "SS 433" 4.2 0.4 11.3 0.6 69.0 4.7 13.08 0.0 "" "" 8.461875392235635 -5.637365080515104 0.4479280883268187 5.433489206866043 219.37950661562388 217.65395946626057 -0.11905262505945725 -0.27568922475721885 -16.68568981131006 -5.350880591268805 0.10366435959265656 50.65284174909329 19.23969292825361 35.03284806221677 -0.16743186418684175 0.619952953491381 39.96831529253963 1.6661478416707238 "A3-7 I" xkcd:grey xkcd:grey
4306419980916246656 287.70087185633383 0.6632867 7.597656302411205 0.8158613 -3.786420226899895 0.8647276 -9.027830218995849 0.95693314 0.5217824132401065 0.74013126 "" "" 20.15432 41.896989864779755 -0.8116366366050681 1.4510721 8.045845 3.9519343 10.916799000000001 "4U 1909+07" "" "" 32.0 0.0 "" "" 4.4007 0.0009 603.6 0.1 1.9165076756617974 -9.750758821117673 -0.8725818071030246 5.930563860375853 220.13203857751557 209.23756329967864 -0.07632801765578909 -0.20561914025518782 -17.011560803116243 -5.965637705171743 0.02364183377763192 44.40584748249902 143.87462483256564 "" -3.7087930982901396 -0.6906045006254687 "" 2.7185033508402996 O7.5-9.5If xkcd:blue xkcd:blue
4309225217336733824 287.4047303861521 0.059651483 9.832011185333132 0.06551249 -2.7485657819302163 0.07393015 -2.455443176178704 0.07641603 0.2326282846644742 0.07313712 "" "" 16.793938 43.743818692468906 0.47964676300186876 0.8838531 3.1702651 2.4662412 3.9960024 "" "" "" "" "" "" "" "" "" "" "" 4.298703407637321 -3.454913205416851 1.2835068336695683 6.585269234994851 221.03566112872517 195.77794731403384 -0.15689467347999975 -0.4961515910589379 -17.26887321242488 -3.972697596702454 -0.02463928987836598 34.26475946241235 28.946815637035737 "" 0.6746790647656025 1.8042977146068722 "" 1.35148993122834 "O8-9 Ia" xkcd:blue xkcd:blue
4309253392325650176 288.5176059060096 0.30388293 9.882864373650197 0.33666414 -1.5972729990761414 0.38222316 -5.515624391179957 0.43199238 0.3609060073102918 0.38501748 "" "" 18.24812 44.29634703521837 -0.4687718341225378 1.8877474 3.4628544999999997 2.5719436 5.005523 "IGR J19140+0951" "" "" "" "" "" "" 13.558 0.004 5937.0 0.0 2.7708045301120245 -5.619080400648904 -1.1829323350049783 6.489034668664463 220.90840042058377 200.5801484597694 -0.13352283308122775 -0.4715930308001013 -17.165033553026802 -4.179551392708245 0.023733073049574893 36.34788646401788 24.59891031846909 "" -1.306006174859431 -0.7350723772544518 "" 2.955916965671565 B0.5Ia xkcd:red xkcd:red
4310118570535453696 284.75680882608543 0.2963731 8.245457254312521 0.3373388 -1.990330774755356 0.36828628 -3.255504337241219 0.36267373 -0.09095131417807156 0.3779983 "" "" 19.470139 41.134383384326995 2.0764458051903394 0.98324823 8.6742705 3.5905085 12.280615 "XTE J1859+083" "" "" 12.5 "" "" "" 37.97 0.09 9.79156 1e-05 -10.994893356264454 -3.8065332857455756 0.26463073752993077 6.03348098662638 220.2802479405585 202.5995488831907 -0.07633419250237032 -0.16966923811689386 -17.34482880594559 -6.044094726688182 -0.0521366011726158 41.96767221018131 97.21778008121926 "" 2.3138956334449765 0.48643657681944047 "" 45.69533658588257 B0-2Ve xkcd:purple xkcd:green
4310649153642824320 286.1977687539877 0.5593506 9.044911040402665 0.61790365 -0.8740526031784608 0.72618765 -4.776992721613207 0.8123674 0.32751956172944796 0.61274695 "" "" 19.75673 42.49718850001616 1.1748721935698823 1.1862144 9.385817999999999 7.611936 12.286726 "XTE J1906+090" "" "" "" "" "" "" 81.4 0.1 89.17 0.02 3.0532527422776163 -4.636993512852653 -1.4428855038536512 6.533515240567628 220.96744533342778 192.7142254716424 -0.06139613807064406 -0.16288938322058524 -17.30271256410988 -6.006275526851975 -0.020616433280139203 34.376615589038586 84.79609007418296 "" 1.4306781520699658 -1.2593796873529266 "" 5.712242980646789 Be? xkcd:green xkcd:red
4323316622779495680 292.48292610722393 0.6488324 18.310605976333413 0.79013765 -3.0917860808492414 0.82213086 -4.182762112022142 1.0411578 0.24756403594072215 0.8005983 "" "" 20.314127 53.54007422452243 0.11502218303520666 1.2353994 4.8145503 3.3749272 6.354769500000001 "IGR J19294+1816" "" "" 12.5 0.0 "" "" 117.2 0.2 12.44 "" 4.039358932730619 -5.15851832253277 0.6665799063838725 6.840413513858944 221.36460888523146 219.50505218768973 0.026475812637807863 -0.33149960517484983 -17.371343186439717 -5.395288701389012 -0.003776314472424049 34.54666245676265 23.361571355843534 "" 0.21029456621843323 1.0018558260311465 "" 13.06289896529182 B1Ve "xkcd:light purple" xkcd:green
4512787627579740032 287.8284321301368 0.036209412 15.5424152324057 0.03783654 -2.3316551907380143 0.04954135 -5.026141821941105 0.045408323 -0.11893602365210737 0.0480625 "" "" 13.49664 49.00379131724761 2.746286085927929 3.0965657 9.401531 7.9131543 10.764702 "" "" "" "" "" "" "" "" "" "" "" -8.407881559291406 -5.533326546664774 -0.28463111343608866 7.463843733622639 222.12125807127165 189.08228723461403 -0.017287589522350072 -0.15169439403826343 -17.69375448704674 -5.768336347675991 -0.0247839289403202 20.217841110632587 12.2326748561913 "" 0.2522973905335668 -0.10815279045750503 "" 3.397656923254773 Be xkcd:green xkcd:green
