DATA/HMXB_practice_analysis.ecsv
# %ECSV 1.0
# ---
# datatype:
# - name: source_id
#   datatype: int64
#   description: Unique source identifier (unique within a particular Data Release)
#   meta: !!omap
#   - {ucd: meta.id}
# - name: ra
#   unit: deg
#   datatype: float64
#   description: Right ascension
#   meta: !!omap
#   - {ucd: pos.eq.ra;meta.main}
#   - {utype: 'stc:AstroCoords.Position3D.Value3.C1'}
#   - {CoosysSystem: ICRS}
#   - {CoosysEpoch: J2016.0}
# - name: ra_error
#   unit: mas
#   datatype: float32
#   description: Standard error of right ascension
#   meta: !!omap
#   - {ucd: stat.error;pos.eq.ra}
#   - {utype: 'stc:AstroCoords.Position3D.Error3.C1'}
# - name: dec
#   unit: deg
#   datatype: float64
#   description: Declination
#   meta: !!omap
#   - {ucd: pos.eq.dec;meta.main}
#   - {utype: 'stc:AstroCoords.Position3D.Value3.C2'}
#   - {CoosysSystem: ICRS}
#   - {CoosysEpoch: J2016.0}
# - name: dec_error
#   unit: mas
#   datatype: float32
#   description: Standard error of declination
#   meta: !!omap
#   - {ucd: stat.error;pos.eq.dec}
#   - {utype: 'stc:AstroCoords.Position3D.Error3.C2'}
# - name: pmra
#   unit: mas / yr
#   datatype: float64
#   description: Proper motion in right ascension direction
#   meta: !!omap
#   - {ucd: pos.pm;pos.eq.ra}
#   - {utype: 'stc:AstroCoords.Velocity3D.Value3.C1'}
# - name: pmra_error
#   unit: mas / yr
#   datatype: float32
#   description: Standard error of proper motion in right ascension direction
#   meta: !!omap
#   - {ucd: stat.error;pos.pm;pos.eq.ra}
#   - {utype: 'stc:AstroCoords.Velocity3D.Error3.C1'}
# - name: pmdec
#   unit: mas / yr
#   datatype: float64
#   description: Proper motion in declination direction
#   meta: !!omap
#   - {ucd: pos.pm;pos.eq.dec}
#   - {utype: 'stc:AstroCoords.Velocity3D.Value3.C2'}
# - name: pmdec_error
#   unit: mas / yr
#   datatype: float32
#   description: Standard error of proper motion in declination direction
#   meta: !!omap
#   - {ucd: stat.error;pos.pm;pos.eq.dec}
#   - {utype: 'stc:AstroCoords.Velocity3D.Error3.C2'}
# - name: parallax
#   unit: mas
#   datatype: float64
#   meta: !!omap
#   - {ucd: pos.parallax.trig}
# - name: parallax_error
#   unit: mas
#   datatype: float32
#   description: Standard error of parallax
#   meta: !!omap
#   - {ucd: stat.error;pos.parallax.trig}
# - name: radial_velocity
#   unit: km / s
#   datatype: float32
#   description: Radial velocity
#   meta: !!omap
#   - {ucd: spect.dopplerVeloc.opt;em.opt.I}
#   - {utype: 'stc:AstroCoords.Velocity3D.Value3.C3'}
# - name: radial_velocity_error
#   unit: km / s
#   datatype: float32
#   description: Radial velocity error
#   meta: !!omap
#   - {ucd: stat.error;spect.dopplerVeloc.opt;em.opt.I}
#   - {utype: 'stc:AstroCoords.Velocity3D.Error3.C3'}
# - name: phot_g_mean_mag
#   unit: mag
#   datatype: float32
#   description: G-band mean magnitude
#   meta: !!omap
#   - {ucd: phot.mag;em.opt}
# - name: l
#   unit: deg
#   datatype: float64
#   description: Galactic longitude
#   meta: !!omap
#   - {ucd: pos.galactic.lon}
#   - {utype: 'stc:AstroCoords.Position2D.Value2.C1'}
# - name: b
#   unit: deg
#   datatype: float64
#   description: Galactic latitude
#   meta: !!omap
#   - {ucd: pos.galactic.lat}
#   - {utype: 'stc:AstroCoords.Position2D.Value2.C2'}
# - name: ruwe
#   datatype: float32
[...]
# - {CAPTION: 'How to cite and acknowledge Gaia: https://gea.esac.esa.int/archive/documentation/credits.html'}
# - {CITATION: 'How to cite and acknowledge Gaia: https://gea.esac.esa.int/archive/documentation/credits.html'}
# - {JOBID: 1740486527543O}
# - {JOBNAME: HMXB_add_ruwe}
# - {RELEASE: Gaia DR3}
# schema: astropy-2.0
source_id ra ra_error dec dec_error pmra pmra_error pmdec pmdec_error parallax parallax_error radial_velocity radial_velocity_error phot_g_mean_mag l b ruwe distance_bj distance_bj_low distance_bj_high Name Mx Mx_err Mo Mo_err RV RV_err Period Period_err Spin_period Spin_period_err distance_para pm_l_poleski pm_b_poleski "galactic distance" "circular velocity" "LSR velocity" mu_l_sol mu_b_sol RV_r_sol mu_l_rot mu_b_rot RV_rot "Peculiar Velocity" "Peculiar Radial Velocity" peculiar_mu_l peculiar_mu_b "Peculiar Velocity 3D" dist_err SpType Mod_SpType SpColor
[from data line 24]
2034031438383765760 298.92639832142635 0.016134035 32.096930318736355 0.021289147 -2.158047594075068 0.020837534 -6.0711257533713265 0.025808768 0.2575299882811361 0.024460983 4.7357154 0.5058494 8.358267 68.39194055158187 1.9268933031575586 0.9647663 3.3417725000000003 3.1170286000000003 3.59347 "4U 1954+319" "" "" 9.0 4.0 "" "" 1296.6375 "" 18612.0 "" 3.883042928997987 -6.299409845170768 -1.3539471681374267 7.905441982386948 222.62132477028115 220.42237918393607 0.3177243449250364 -0.4442435931714961 -16.86755941286106 -5.486198170414174 -0.032654502765199586 14.299034618494337 22.669645438255422 "" -1.1309360196816298 -0.877049072200731 "" 0.36882324225034974 "M4 I" xkcd:grey xkcd:grey
2059383668236814720 299.59029482904185 0.010937963 35.201578765113695 0.01300258 -3.812385175624448 0.014573607 -6.309893239635542 0.017452912 0.44390196847449304 0.014949423 "" "" 8.536617 71.33495940203416 3.0668344499402203 0.9672425 2.1648872 2.0902837 2.2395312 "Cyg X-1" 21.2 2.2 40.6 7.7 -7.0 5.0 5.5998 0.0001 "" "" 2.252749640729428 -7.3714385326728324 -0.1045341185716774 8.072293134239281 222.80330947913552 219.9201151044502 0.5729638570842474 -0.6543693260618467 -16.724298188528177 -5.385665079714784 -0.057577747270824896 10.472817664179267 26.986330943376707 -0.74851947565109 -2.5587373100422965 0.6074129547609942 26.996709784543746 0.07586654322808055 O9.7Iabpvar xkcd:blue xkcd:blue
2063791369815322752 308.0636268551211 0.06144416 37.63743239546562 0.0759506 -3.370917952976648 0.08323335 -5.400072973224192 0.09149153 0.3418462523155139 0.08463053 "" "" 16.89136 77.15184001171907 -1.241801183457772 0.9876782 2.2464055 1.8421162 2.8250574 "EXO 2030+375" "" "" 17.5 "" "" "" 46.0214 0.0005 41.306 0.003 2.9252916866177308 -6.342133523384574 -0.5488336117697298 8.294815913035597 223.0404718234601 220.69039785267412 0.7048665411339958 -0.7454589819242398 -15.492685150941254 -5.481807399771364 0.010798827016961676 5.176467120058831 16.78315953993174 "" -1.5651926647472063 0.18582654313754832 "" 0.724211467075547 B0Ve xkcd:purple xkcd:green
2065653598916388352 314.6980582988151 0.011033155 41.776979685270454 0.012759363 -2.2095525666212845 0.015213015 -3.351196585258945 0.017332293 0.07752894522296322 0.015234454 "" "" 14.130871 83.56987683360249 -2.655492481981887 1.0024277 8.942419 8.174374 9.664132 "GRO J2058+42" "" "" 18.0 "" "" "" 55.0 "" 195.25 0.02 12.898408421836894 -3.9749598405749427 -0.5588697196398714 11.620603810885338 226.00208729704065 161.9640492679625 0.21725910952095592 -0.1952012164057227 -14.356028956859152 -4.150330711811593 -0.06416903615098915 -80.17428204653821 12.818465174626121 "" -0.041888238284305324 -0.29949946708315955 "" 2.5345398947189954 O9.5-B0IV-Ve "xkcd:dark blue" xkcd:blue
2067835682818358400 308.0546693559062 0.011941006 41.4567587500388 0.01462144 -2.8762382942769733 0.017133817 -0.9478946506888151 0.019980531 0.5677534793686149 0.015594214 "" "" 11.277184 80.2238146279451 1.0278993456654848 1.0710746 1.6711115 1.6312898 1.7172421999999998 "PSR J2032+4127" "" "" 15.0 2.8 "" "" 17000.0 1000.0 0.14324743146 2e-11 1.7613278233223268 -2.4858584516354987 1.7296701282909832 8.379657714304031 223.12928914467446 220.8958777331153 1.0521168596706625 -0.9248055491033474 -15.370233959859341 -5.471091393481477 -0.007051519782390098 3.069017029182371 26.056179752511806 "" 1.933116082175316 2.6615271971767207 "" 0.048377551795134144 B0:e/B0:Vn xkcd:black xkcd:red
2070085317968809216 310.8277570377428 0.053237583 44.638891277204316 0.052057836 -2.6133344012162185 0.066138886 -4.23233099180295 0.07114926 0.04162604925642393 0.0633569 "" "" 16.56358 83.98370959231536 1.3407233597302817 1.0781673 7.6816357 5.974811 9.595829 "" "" "" "" "" "" "" "" "" "" "" 24.023418457029653 -4.936419930705 -0.6114741077873269 10.841674318565314 225.3893939286533 173.55219161213222 0.25583187504971755 -0.19925254372238396 -14.830865662463326 -4.417846482787589 0.030366800092831187 -60.25771913315068 32.47702040712428 "" -0.7744053229671284 -0.44258836415777414 "" 36.564827010966496 B0-2e xkcd:green xkcd:green
2083644392294059520 307.62850374937096 0.014208545 47.86406792934166 0.015089852 -2.7141040155086364 0.019856887 -4.536134376478879 0.018183656 0.41938547226134665 0.015947413 "" "" 9.025331 85.23069069394988 5.047488517939756 1.2452663 2.2961274 2.2178083 2.3662458 "RX J2030.5+4751" "" "" 14.6 "" "" "" 46.02 "" "" "" 2.3844412030010287 -5.261899380047558 -0.5052629045642008 8.616757917255526 223.37299430930088 216.60078382392618 0.8849835920010147 -0.5787694699921602 -15.06348614911604 -5.409284640934047 0.02401459607427455 -2.999827906079979 8.04580875073567 "" -0.7375983311145262 0.04949196935368486 "" 0.09066996936450945 B0.5III-Ve xckd:green xkcd:green
2162805896614571904 315.8987696922526 0.010842505 45.751532832107685 0.010506174 -3.5054837830048067 0.013726339 -3.159757095149621 0.012575196 0.1308623368949642 0.0129473135 "" "" 13.774436 87.13025161063592 -0.6848018984801163 1.0902485 6.208102 5.750445 6.6226055 "SAX J2103.5+4545" "" "" 17.5 "" "" "" 12.66536 0.00088 358.61 0.03 7.641618082998498 -4.696634531165461 0.4627153919227837 10.271396718476849 224.91339140229329 183.7344103371475 0.3434182379215443 -0.263989438525982 -14.031811159588555 -4.583270667141164 -0.015390716327859339 -45.78714802204133 25.64246734045112 "" -0.45678210194584157 0.7420955467766251 "" 0.7560496566095254 B0Ve xkcd:purple xkcd:green
2178178409188167296 324.87785209104953 0.011529865 56.98621852916199 0.011889285 -2.9640416014718474 0.014118381 -2.2040186769337904 0.014115204 0.1048329214464288 0.012664483 "" "" 13.816205 99.01220859043599 3.3125256362962086 1.0365294 7.2495780000000005 6.6315503 8.022301 "Cep X-4" "" "" 10.8 "" "" "" 20.85 0.05 65.3508 0.00014 9.53898819380909 -3.6835875154702458 0.2728075501163939 11.995999897605536 226.2834062895853 155.97686328663374 0.37240767194764113 -0.20105690165884715 -12.159872318358461 -3.5763233460564714 0.10647961684215942 -89.2183534803662 20.76209748223704 "" -0.4796718413614154 0.3673848349330816 "" 1.152370376326611 B1-B2Ve "xkcd:light purple" xkcd:green
2201091578667140352 339.8368297959251 0.012457491 61.27405311885465 0.012111427 -2.344283875542537 0.015320877 -1.01527492097991 0.014133349 0.10398616408830161 0.013974317 "" "" 14.104571 107.73443066473111 2.362332253415067 1.1045816 7.315116 6.784973 7.9965244 "SAX J2239.3+6116" "" "" 17.5 "" "" "" 262.0 5.0 1247.2 0.7 9.616663993402364 -2.5448550857789543 0.22397019150880831 12.78740127281673 226.8497661175419 141.45999065925636 0.4161489676516056 -0.20751215803349982 -9.969019657201866 -2.981079699205113 0.08351903817107531 -105.60485223392521 12.08522186230929 "" 0.02007564577455323 0.3479633113712328 "" 1.292348031735604 B0Ve xkcd:purple xkcd:green
2207277877757956352 343.4796708776849 0.0151309585 62.726882349922974 0.016191678 -2.0222920919832523 0.019414423 -0.9491735730230428 0.021341369 0.05969510170980296 0.018092364 "" "" 14.571745 109.92386340874582 2.861557411334844 1.0353317 8.907021 8.0147446 10.286896 "2MASS J22535512+6243368" "" "" "" "" "" "" "" "" 46.753 0.003 16.75179321850092 -2.2339517633210306 0.007436140005756668 14.245080016149725 227.80999913378787 125.62236656739564 0.3502681135496508 -0.16902095502844222 -9.473720536951324 -2.541165618377825 0.09863652222897563 -139.6218535134261 3.7548372557056617 "" -0.0430542584928566 0.07782057280522327 "" 5.077125812679612 B0-1III-Ve xkcd:green xkcd:green
2935943990338336000 107.40407113202392 0.015638072 -16.09632779315406 0.016122777 -1.83557676140376 0.018114142 1.3651331368295974 0.017123654 0.3150511705299787 0.024213685 "" "" 9.192802 229.3086037556084 -3.3634337760631268 0.9347951 3.0255652 2.7517034 3.337043 "MAXI J0709-159" "" "" "" "" "" "" "" "" "" "" 3.1740875563731477 -2.0619706007996625 -0.9905593216529799 10.716778514648212 225.2872372167008 -133.62740356718282 0.04728213867181301 -0.45803749562581 17.769386641973117 -2.2584795139488194 0.14115910966325934 43.42897526875643 9.895565613877489 "" 0.14922677447734367 -0.6736809356904292 "" 0.24394880121611565 "" xkcd:red xkcd:grey
3052677318793446016 104.5720297066811 0.011529474 -7.209773385395211 0.011108977 -0.6378130521867398 0.015482978 1.255994695309955 0.01384412 0.15384849037023873 0.01513867 "" "" 11.985233 220.12853955777865 -1.7672780916635629 1.0928693 5.729046 5.274151 6.211357 "" "" "" "" "" "" "" "" "" "" "" 6.499901283356663 -1.4085988917415255 0.01331639482210863 13.396740661914063 227.26333989992335 -91.50697222016126 0.12660030014532053 -0.2604022052422585 17.249233338837787 -1.1993128158410002 0.05885852506392502 81.64511947440302 10.827745929097155 "" -0.3358863760458457 0.21486007500044207 "" 0.6395893744857999 O9.7Ve "xkcd:dark blue" xkcd:blue
3131755947406031104 98.82616381073139 0.011718217 5.551744844144263 0.012005568 -0.4194122332666873 0.013308586 0.40481488843078406 0.013038876 0.14244424425253302 0.014909007 "" "" 12.49683 206.1527475102726 -1.0423267344157698 1.0142081 6.2935537 5.7987285 6.8912183 "" "" "" "" "" "" "" "" "" "" "" 7.020290677573078 -0.5530376525233651 -0.1842038821535089 14.417586046408168 227.91732352868235 -58.27002061754234 0.24964905130126158 -0.24515568449936162 15.824389182212544 -0.5017514164117267 0.024269762687872287 67.49697066766312 9.043781102404251 "" -0.3009352874129 0.03668203965798042 "" 0.7347826581741871 B1IIIe-B2Ve "xkcd:light green" xkcd:green
3131822364779745536 98.24690241608782 0.017513767 5.800320528353365 0.016286489 -0.02593417315151327 0.020145865 -0.42836049364061723 0.016182685 0.5403983439245413 0.022634415 "" "" 8.879788 205.6665423995996 -1.4395259578170154 1.0950648 1.7459602 1.6990325 1.8145215000000001 "" "" "" "" "" "" "" "" "" "" "" 1.8504867959766274 0.3673831376644901 -0.22179928766540308 10.10151870591119 224.76668208264442 -80.9637320825647 0.9159486411834474 -0.8706141908558768 15.810966171414497 -0.7947691646362652 0.04585932134608988 17.94815405496322 5.389934828548579 "" 0.24620366111730785 0.6029555818443839 "" 0.07750705841639971 B0Vpe xkcd:purple xkcd:green
3423526544838563328 91.86088634197857 0.015897393 22.096597258920347 0.013606945 0.5732377211072881 0.019897899 -0.6083328898340276 0.013670167 0.13811993413445758 0.01807464 "" "" 12.166335 188.38532157936345 0.81375073815519 1.2191224 5.9759614 5.365549 6.8845845 "" "" "" "" "" "" "" "" "" "" "" 7.240084541500836 0.8104328282649151 0.2046192088358929 14.437800364105938 227.92981900279193 -19.253819416131726 0.4193895650319559 -0.2746285478339569 12.558613411683893 -0.05435648507068581 -0.006615473259557718 22.409449325089838 18.670374705268042 "" 0.44539974830364504 0.4858632299294075 "" 0.9474513310628977 B0.5Ve xkcd:purple xkcd:green
3431561565357225088 88.9793400429246 0.025333079 28.78510745617743 0.019279195 0.6335009708782582 0.034441847 -2.188869529714144 0.021136435 0.5974982986364249 0.03006207 "" "" 10.010054 181.2839667823892 1.8595308169574565 1.5339046 1.5332568000000002 1.4626346000000001 1.6055363 "" "" "" "" "" "" "" "" "" "" "" 1.6736449330184546 2.2111430331762474 -0.5507447549009045 10.032123362424878 224.70606825832078 -4.215820699512207 1.8375412928854178 -1.094750594570469 10.849570599193415 -0.002145579850895286 -0.0033614729403987223 0.8881033937765097 4.825169431071759 "" 0.3757473201417249 0.5473673126099632 "" 0.08420648467314708 B5ne xkcd:green xkcd:green
3441207615229815040 84.72739245821431 0.0202507 26.31577524440175 0.015788812 -0.5898287895613142 0.030902112 -2.879557993302878 0.01621094 0.5245380785708109 0.023250582 "" "" 8.601999 181.44504956690048 -2.643537066457817 1.2853296 1.7654119000000001 1.7061410000000001 1.8312757999999998 "" "" "" "" "" "" "" "" "" "" "" 1.9064392860183996 2.12603198111763 -2.0297143279424583 10.263068672430581 224.90625368856993 -4.638318673960895 1.5921647719559437 -0.8458520153597366 11.47820586929517 -0.002629020171650363 0.005253068071630576 1.1495414493593525 10.91645581749594 "" 0.5364962293333366 -1.1891153806543522 "" 0.08450448914978252 O9.7IIIe "xkcd:bright blue" xkcd:blue
4040960662373474176 265.75551465281137 0.08151785 -36.37284591519637 0.057155497 -4.482602975761192 0.10855075 -1.6461457547450966 0.053175185 0.015284659682691548 0.09846801 "" "" 15.221218 353.370063329925 -3.4202891724245283 0.86079323 7.460871 5.869371 9.613221 "" "" "" "" "" "" "" "" "" "" "" 65.42507460158939 -3.7415792978069162 2.967171994069623 1.3979528342479337 208.03514096537472 -145.53527805024558 -0.4172536219797212 -0.2299706061379254 -8.687845243651008 -1.7521076446987995 -0.21769336720995724 -21.18508283981084 132.94887174527923 "" -1.5722180311283955 3.4148359674175057 "" 421.48646009710285 OI xkcd:blue xkcd:blue
4054559284753424000 263.86499688214946 0.3286957 -32.931823120905946 0.26250544 -5.229906836623692 0.44514284 -8.582699679934175 0.33690384 0.03533694862391942 0.4148418 "" "" 18.914875 355.45760136708867 -0.27304137285712365 1.1805843 4.114153 3.4940325 5.7991777 "IGR J17354-3255" "" "" 29.6 0.0 "" "" 8.447 0.002 "" "" 28.298991252547044 -10.048295080691561 -0.2154652803938758 4.410866640475397 217.5974353167446 -33.0386504062018 -0.7390669583213499 -0.3920851631846769 -9.652673428693388 -0.09672320575972554 -0.00394714429252478 -8.381807271481508 179.68834880306386 "" -9.212504916610486 0.18056702708332587 "" 332.2189649309201 "O8.5Iab(f) or O9Iab" xkcd:blue xkcd:blue
4056922105185686784 264.79812927251425 0.04043273 -30.34381326584938 0.032697078 -0.42745718004650846 0.04873871 3.760039450836629 0.033256132 0.5159549421559745 0.048020627 "" "" 12.643312 358.067753895708 0.4452361176333438 0.88862735 2.0123938 1.8478392 2.1725132 "XTE J1739-302" "" "" 33.7 "" "" "" 51.47 "" "" "" 1.9381537384279914 2.957305428865046 2.3611355134821164 6.489165914559474 220.90857521173277 -9.683960104298434 -1.463129104319514 -0.7883066543613741 -10.394044570939 -0.009391628203261553 0.0018725766160321876 -1.7547868211469153 51.835478351865866 "" 4.429826161387822 3.1475695912274584 "" 0.18038660126096484 O8Iab(f) xkcd:blue xkcd:blue
4060784345959549184 266.19068598153774 0.019861849 -27.2290321367955 0.015680317 -0.8569741814419296 0.023891095 -2.295820285732529 0.015573473 0.787333882479544 0.023699261 "" "" 8.234564 1.3578175114162994 1.0519589547965902 0.8026602 1.215508 1.1780566 1.2605671 "RX J1744.7-2713" "" "" 14.6 "" "" "" "" "" 3245.0 350.0 1.2701091903357549 -2.4057735164992513 -0.46631461412858083 7.285095034059739 221.91071601659476 6.083465336623176 -2.3154116556117668 -1.2834452105688585 -11.256890528307533 -0.0038756900719598376 -0.0027702788543674064 0.7449909211461689 4.750073459493649 "" -0.0864861708155247 0.8199008752946452 "" 0.038231111584578314 "B0.5 III-Ve" xkcd:green xkcd:green
4063908810076415872 268.6052987030251 0.022245996 -26.331274336947732 0.017260587 -0.5057220749359188 0.028629052 -0.667794468304362 0.018198028 0.3963276780006648 0.026676178 "" "" 11.663726 3.235979885614684 -0.33555745740311615 1.0879679 2.3734287 2.2324102 2.5326438 "IGR J17544-2619" 1.4 "" 23.0 2.0 -46.8 4.0 4.92693 0.00036 71.49 0.02 2.5231646829326984 -0.8318238551198182 0.0988602196487565 6.131860105326397 220.41966919620987 17.126150314375433 -1.152765456344392 -0.6815537902937753 -11.505771041838011 -0.028779668408430492 0.0024967629719863365 3.459839325534001 9.59531315413091 -38.754068283695986 0.34972126963300443 0.7779172469705454 39.92427636242401 0.1698301528941027 O9Ib xkcd:blue xkcd:blue
