DATA/HMXB_practice_analysis.ecsv
# %ECSV 1.0
# ---
# datatype:
# - name: source_id
#   datatype: int64
#   description: Unique source identifier (unique within a particular Data Release)
#   meta: !!omap
#   - {ucd: meta.id}
# - name: ra
#   unit: deg
#   datatype: float64
#   description: Right ascension
#   meta: !!omap
#   - {ucd: pos.eq.ra;meta.main}
#   - {utype: 'stc:AstroCoords.Position3D.Value3.C1'}
#   - {CoosysSystem: ICRS}
#   - {CoosysEpoch: J2016.0}
# - name: ra_error
#   unit: mas
#   datatype: float32
#   description: Standard error of right ascension
#   meta: !!omap
#   - {ucd: stat.error;pos.eq.ra}
#   - {utype: 'stc:AstroCoords.Position3D.Error3.C1'}
# - name: dec
#   unit: deg
#   datatype: float64
#   description: Declination
#   meta: !!omap
#   - {ucd: pos.eq.dec;meta.main}
#   - {utype: 'stc:AstroCoords.Position3D.Value3.C2'}
#   - {CoosysSystem: ICRS}
#   - {CoosysEpoch: J2016.0}
# - name: dec_error
#   unit: mas
#   datatype: float32
#   description: Standard error of declination
#   meta: !!omap
#   - {ucd: stat.error;pos.eq.dec}
#   - {utype: 'stc:AstroCoords.Position3D.Error3.C2'}
# - name: pmra
#   unit: mas / yr
#   datatype: float64
#   description: Proper motion in right ascension direction
#   meta: !!omap
#   - {ucd: pos.pm;pos.eq.ra}
#   - {utype: 'stc:AstroCoords.Velocity3D.Value3.C1'}
# - name: pmra_error
#   unit: mas / yr
#   datatype: float32
#   description: Standard error of proper motion in right ascension direction
#   meta: !!omap
#   - {ucd: stat.error;pos.pm;pos.eq.ra}
#   - {utype: 'stc:AstroCoords.Velocity3D.Error3.C1'}
# - name: pmdec
#   unit: mas / yr
#   datatype: float64
#   description: Proper motion in declination direction
#   meta: !!omap
#   - {ucd: pos.pm;pos.eq.dec}
#   - {utype: 'stc:AstroCoords.Velocity3D.Value3.C2'}
# - name: pmdec_error
#   unit: mas / yr
#   datatype: float32
#   description: Standard error of proper motion in declination direction
#   meta: !!omap
#   - {ucd: stat.error;pos.pm;pos.eq.dec}
#   - {utype: 'stc:AstroCoords.Velocity3D.Error3.C2'}
# - name: parallax
#   unit: mas
#   datatype: float64
#   meta: !!omap
#   - {ucd: pos.parallax.trig}
# - name: parallax_error
#   unit: mas
#   datatype: float32
#   description: Standard error of parallax
#   meta: !!omap
#   - {ucd: stat.error;pos.parallax.trig}
# - name: radial_velocity
#   unit: km / s
#   datatype: float32
#   description: Radial velocity
#   meta: !!omap
#   - {ucd: spect.dopplerVeloc.opt;em.opt.I}
#   - {utype: 'stc:AstroCoords.Velocity3D.Value3.C3'}
# - name: radial_velocity_error
#   unit: km / s
#   datatype: float32
#   description: Radial velocity error
#   meta: !!omap
#   - {ucd: stat.error;spect.dopplerVeloc.opt;em.opt.I}
#   - {utype: 'stc:AstroCoords.Velocity3D.Error3.C3'}
# - name: phot_g_mean_mag
#   unit: mag
#   datatype: float32
#   description: G-band mean magnitude
#   meta: !!omap
#   - {ucd: phot.mag;em.opt}
# - name: l
#   unit: deg
#   datatype: float64
#   description: Galactic longitude
#   meta: !!omap
#   - {ucd: pos.galactic.lon}
#   - {utype: 'stc:AstroCoords.Position2D.Value2.C1'}
# - name: b
#   unit: deg
#   datatype: float64
#   description: Galactic latitude
#   meta: !!omap
#   - {ucd: pos.galactic.lat}
#   - {utype: 'stc:AstroCoords.Position2D.Value2.C2'}
# - name: ruwe
#   datatype: float32
[...]
# - {CAPTION: 'How to cite and acknowledge Gaia: https://gea.esac.esa.int/archive/documentation/credits.html'}
# - {CITATION: 'How to cite and acknowledge Gaia: https://gea.esac.esa.int/archive/documentation/credits.html'}
# - {JOBID: 1740486527543O}
# - {JOBNAME: HMXB_add_ruwe}
# - {RELEASE: Gaia DR3}
# schema: astropy-2.0
source_id ra ra_error dec dec_error pmra pmra_error pmdec pmdec_error parallax parallax_error radial_velocity radial_velocity_error phot_g_mean_mag l b ruwe distance_bj distance_bj_low distance_bj_high Name Mx Mx_err Mo Mo_err RV RV_err Period Period_err Spin_period Spin_period_err distance_para pm_l_poleski pm_b_poleski "galactic distance" "circular velocity" "LSR velocity" mu_l_sol mu_b_sol RV_r_sol mu_l_rot mu_b_rot RV_rot "Peculiar Velocity" "Peculiar Radial Velocity" peculiar_mu_l peculiar_mu_b "Peculiar Velocity 3D" dist_err SpType Mod_SpType SpColor
[from data line 96]
5862299960127967488 195.69848851536304 0.008934321 -63.83573123376698 0.009974834 -7.092820662863646 0.011759594 -0.34195092640087815 0.014234628 0.44344477764993895 0.013309076 "" "" 9.632835 304.18354481654586 -0.9915822428813386 0.981228 2.1670405 2.112464 2.2226743 "PSR B1259-63" "" "" 22.5 7.5 0.0 1.0 1236.724526 6e-06 0.04776 "" 2.255072221843625 -7.100960208667895 0.037409978977678573 7.499968850861359 222.16321966788368 -206.48115822869718 -1.6136764384742552 -0.7310496310826367 5.313301714392077 -4.5837197782546575 -0.04088352819180947 -21.408429113923958 12.460062485893731 16.095127399531883 -0.9035639919389826 0.8093431382521248 20.354515055867537 0.06768132147403795 O9.5Ve "xkcd:dark blue" xkcd:blue
5862928537183584768 191.0157861157054 0.015005238 -63.375599072405734 0.017929679 -6.357054767364532 0.019444756 -0.2978005899292986 0.025250511 0.12335544015674202 0.022185102 "" "" 15.082145 302.1057677991692 -0.5156795553002121 1.0605111 5.848924299999999 5.135433600000001 6.638319999999999 "SRGA J124404.1-632232" "" "" "" "" "" "" 138.0 1.0 "" "" 8.106655034665245 -6.350196706867094 -0.4193236109839943 7.322085403654333 221.95468987834317 -216.42916849795347 -0.5907003950909853 -0.27224415929715884 5.848272219272198 -5.6603284149880615 -0.009732339764130076 -25.823699567319732 4.696604046723098 "" -0.09916789678804783 -0.13734711192270538 "" 1.457957342186758 Be xkcd:green xkcd:green
5863533199843070208 195.3211964950643 0.008986629 -61.601844813228226 0.010867294 -4.340692264055244 0.012104981 -0.236113209203886 0.015209818 0.5395135891716509 0.014079693 "" "" 12.647679 304.10270102486777 1.247518814190948 1.0172129 1.8507748 1.8018158000000002 1.9069960000000001 "GX 304-1" "" "" 9.6 "" "" "" 132.5 "" 272.0 "" 1.853521431286583 -4.347010190708723 -0.029345879849095056 7.618216065170193 222.299226094845 -203.5511099313845 -1.8885906520929086 -0.8790411463306022 5.039240324285312 -4.464580471210567 0.05232845757695908 -18.893442844163335 18.938563504837507 "" 2.006160932594753 0.797366808904548 "" 0.0483713715936614 "B2 Vne" "xkcd:dark green" xkcd:green
5864664975280537728 206.63566597037007 0.016893605 -62.923386961743525 0.019583695 -4.748743831187859 0.021524154 -2.2605365882845696 0.023262644 0.6054838801046949 0.028642012 "" "" 8.518085 309.15505830063836 -0.7193551134314897 0.9463874 1.5823639 1.5147637 1.645346 "HD 119682" "" "" 17.5 "" "" "" 90.0 "" 1500.0 100.0 1.6515716319765423 -5.130444789897053 -1.1572078028755977 7.60062300682636 222.27911973863485 -191.0801195049504 -2.26148872900612 -1.006960828044329 3.821757106753819 -3.9148246596162597 -0.03378998883061898 -18.0492640967138 7.8929186302559025 "" 1.0458685987253262 -0.11645698600064971 "" 0.07812649640475401 B0Ve xkcd:purple xkcd:green
5878377736381364608 218.28465330128793 0.06372292 -61.26107376019224 0.085314505 -7.246886900314591 0.10686461 -3.983080511175255 0.13409805 0.41530307188623306 0.115804724 "" "" 17.964556 314.8462828689717 -0.7642267023265309 0.9715883 2.2242244 1.8138514000000001 2.861979 "IGR J14331-6112" "" "" "" "" "" "" "" "" "" "" 2.4078800945492094 -8.226216322607192 -0.8436024645094281 7.108692101732889 221.69801437652595 -186.4095177989 -1.63599734997316 -0.7182420247146593 2.127368078308014 -3.6487076195467596 -0.03862184533934814 -25.52909441028791 31.025315381790076 "" -2.9415113530872725 -0.0867385944554207 "" 0.6714226539661279 "early BIII or mid BV" xkcd:red xkcd:grey
5882543824607819776 236.02135471814512 0.23264913 -56.76187017074616 0.21859543 -4.167843287744988 0.3054323 -2.6135336595940055 0.28812435 -0.05039768082917262 0.3054493 "" "" "" 324.9605894142377 -1.4644638526861036 1.0827516 "" "" "" "" "" "" "" "" "" "" "" "" "" "" -19.842182885152752 -4.894085386231645 0.499403737776991 0.0 1.5664 -inf "" "" -0.8397079295686324 "" "" nan "" "" "" "" "" 120.2591252459364 Be? xkcd:green xkcd:red
5883218164517055488 230.1701764075732 0.10015207 -57.166742166539116 0.100981474 -5.549152942694518 0.13267566 -4.07252990135312 0.15664493 -0.12459033866593971 0.13540778 "" "" 17.775951 322.1184786573702 0.03771540102283994 1.014698 6.4390854 4.6012830000000005 9.206895000000001 "Cir X-1" "" "" "" "" 26.0 3.0 16.68 0.15 "" "" -8.02630453298044 -6.87243078740587 -0.38508862765140023 5.226230256106364 219.0460035837585 -217.43567199334447 -0.5689727735894532 -0.24900292443696165 -0.17843281941658537 -5.31708569245881 0.0018250126566769667 -52.028566630102716 30.398164211987115 78.2069994495193 -0.9863723213576066 -0.13791071587111556 83.90699106961259 8.723180746286538 B5-A0I xkcd:black xkcd:red
5884544931471259136 238.59067450082784 0.012693593 -55.32898953059539 0.010471327 -3.1236747705391017 0.019842379 -3.2225953484639502 0.015759258 0.7315774313408016 0.017946968 "" "" 8.689341 326.97622424510917 -1.2387208767966702 0.92971206 1.317673 1.2825757000000002 1.3448452 "1H 1555-552" "" "" 19.4 5.0 "" "" "" "" "" "" 1.3669093074225183 -4.464194418587551 -0.4619881438908983 7.430229713277659 222.08203767898146 -137.255393001408 -2.7680661759422702 -1.2222272867656117 -1.4786957751282688 -1.9935239316895454 -0.059748653528633115 -15.086167633535837 5.447887649224219 "" 0.2973956890442644 0.8199877964033464 "" 0.0335328515481709 "B2 IIIn" xkcd:red xkcd:red
5886085557746480000 235.59729827776863 0.010904525 -52.38601199162066 0.009432026 -6.710645355390543 0.014753926 -4.110864296804368 0.013893897 0.12795944829063383 0.015252326 "" "" 13.16374 327.4196587377088 2.1637003432777564 0.98579085 5.5353643 5.0910376 5.887952599999999 "4U 1538-522" 1.18 0.29 20.0 "" -158.0 11.0 3.72831 2e-05 526.42 0.07 7.814975864296505 -7.825490351151889 0.832866806034571 4.859007053033412 218.42261677516655 -204.4481940942844 -0.6584234346730594 -0.28689661864534727 -2.0627995384039925 -4.253946785164985 0.1277358021554513 -50.708970620963775 80.7436596284303 -105.22822984063222 -2.9131201313138453 0.9920276225244669 132.63679325731877 0.9315182167932405 "B0 Iab" xkcd:red xkcd:red
5933976985766949376 246.65214511693458 0.030918632 -51.94184815729851 0.02216208 -2.8563373848377083 0.040688593 -3.332145349614718 0.031517975 0.050120353494249176 0.038363397 "" "" 15.729032 332.7809871369111 -2.0027078877075377 0.98942035 6.6929224000000005 5.8697295 8.261849 "" "" "" "" "" "" "" "" "" "" "" 19.95197420374819 -4.382296682342562 -0.23944033684800287 3.983975295800346 216.73276338056795 -210.3924397168865 -0.5369310684153045 -0.24314369254232987 -3.115850876439452 -4.6554199459333 -0.12565052690092224 -53.429887607483806 26.024116470833597 "" 0.8100543320060423 0.12935388259524924 "" 15.27175002512169 B0-2Ve xkcd:purple xkcd:green
5934776158877214848 245.19273371546788 0.037520196 -51.501706020142436 0.026348773 -4.882473484444853 0.053891398 -6.022015388741489 0.040390864 0.035774547315548286 0.046343684 38.790638 4.938201 14.783707 332.45890500811436 -1.0501486044356771 0.9744913 7.154235 5.8845979999999996 8.667592 "IGR J16207-5129" "" "" "" "" "" "" 9.726 "" "" "" 27.952834488149662 -7.712511204195834 -0.7876468711929886 3.948959275082255 216.65793595411654 -214.60387442835338 -0.5028621291740776 -0.22585480519598036 -3.1478644517410665 -5.1228121686847645 -0.06336018948826941 -54.455904664806994 72.75741311218599 "" -2.086836906336992 -0.4984318765087389 "" 36.211145384697645 "B0I / B1Ia" xkcd:red xkcd:red
5935509395659726592 244.8840954475876 0.042187918 -49.741826170029775 0.025050579 -0.18399109215839704 0.061670695 -0.5449229720233741 0.043932315 0.35882505488809213 0.05053074 "" "" 16.373215 333.5570067316641 0.3390169216079117 1.0523932 2.4766138 2.2264104000000002 2.755401 "IGR J16195-4945" "" "" 27.8 "" "" "" 16.0 "" "" "" 2.7868733979902074 -0.5148819549639111 -0.2563012678177144 6.3785949126158705 220.76010125300746 -130.04262781750174 -1.4469920979546795 -0.6455734987497426 -3.6588087785652785 -1.695618708454439 0.016422547798142752 -24.450032981236266 31.156277113166404 "" 2.6277288514452075 0.37284968313388545 "" 0.3924552389524978 ON9.7Iab xkcd:blue xkcd:blue
5940285090075838848 249.3055346035613 0.39509785 -50.72612789595593 0.28241113 0.6277619355737372 0.55667096 -4.122424253903569 0.38987854 1.6914701245789092 0.54304796 "" "" 19.783175 334.8023923852234 -2.383834775954468 1.0749093 3.6997966 1.7862366 5.046274 "" "" "" "" "" "" "" "" "" "" "" 0.5912016922255423 -2.6573176312336866 -3.2135851915986717 5.390032764903275 219.3106049973034 -146.20189418077493 -0.9638970981513879 -0.44243847027916966 -3.6626808166727893 -2.0558615662756834 -0.12817552633481905 -34.23966965753073 46.78367207950403 "" 0.3624410331933847 -2.6429711949846832 "" 0.18980582095416207 "" xkcd:green xkcd:grey
5940576971716473344 248.16638484576487 0.041116662 -49.70382899144433 0.026625697 -4.769279217690786 0.05356946 -6.12018935660893 0.037084665 -0.02732642251724471 0.050241254 "" "" 12.820149 335.06347356705464 -1.1557122758724598 0.9996998 12.7397705 10.017572 15.872169 "IGR J16327-4940" "" "" "" "" "" "" "" "" "" "" -36.59461824426291 -7.732818041549645 -0.6373908952367946 6.175742394160015 220.48116676083967 -127.01197239351818 -0.27962496897227257 -0.1271861327423578 -3.9051096091350437 -6.271895433350973 -0.011659782887296221 -25.357980089248823 77.42698234616411 "" -1.1812976392263996 -0.49854497960714056 "" 67.28138375838091 OB xkcd:black xkcd:blue
5940777877435137024 247.95125817288326 0.13132824 -48.81687706740887 0.0885178 -4.366133479593785 0.1887052 -5.774239370792024 0.13030249 -0.034896909170396145 0.178002 "" "" 17.139793 335.6159688973277 -0.44775360639278583 1.3702159 7.0294146 5.098358 9.806712 "IGR J16318-4848" "" "" "" "" "" "" 80.09 0.012 "" "" -28.655832959794708 -7.203060692802936 -0.7217191480289905 3.5808489992788846 215.83027401345893 -210.6208308412939 -0.5055804386399735 -0.22907839564608812 -4.162337905008091 -4.699975270731007 -0.029264040111804716 -52.56220369926706 68.32305663219259 "" -1.9975049834319556 -0.46337671227109767 "" 146.1675459407905 B0-5sgBe xkcd:green xkcd:green
5943166184173519744 250.46160612338068 1.3305343 -45.540403360519775 0.65422994 -8.551346793903136 1.7982253 -5.318919221188635 1.1888338 0.9562030181651716 1.0759587 "" "" 20.419172 339.18890175141337 0.4889589642760968 1.2369748 6.3262095 4.941406 8.815772 "" "" "" "" "" "" "" "" "" "" "" 1.0458030156805707 -9.624728946911002 2.963279664429394 3.4267652084572333 215.45928957146128 -189.11090261685138 -0.5519134138549242 -0.2519424745936336 -5.3281225248164805 -3.390904694756337 0.03293263417729705 -46.650196933121 195.2817074300098 "" -5.681910838299741 3.1822895048457305 "" 1.176780309139686 BN0.5Ia xkcd:red xkcd:red
5943246345430928512 251.64690161252628 0.015588409 -45.11796081034128 0.010345971 -1.7593910230172454 0.021738498 -3.0641449978293434 0.016207684 0.29609864232667726 0.01728741 "" "" 13.484344 340.0535299011336 0.13502926660407388 1.0900444 2.8861062 2.7490387999999997 3.0289373 "IGR J16465-4507" "" "" 27.8 "" "" "" 30.24 "" 228.0 "" 3.3772529051204776 -3.4763660598810584 -0.6319179988758852 5.870190558813181 220.04394190465106 -107.96281458816264 -1.203824670767686 -0.5545985250327055 -5.5304904636574905 -1.134305555750413 0.005792209479087344 -23.21999398410937 15.61268421099399 "" -1.1382358333629592 -0.08311168332226707 "" 0.19717739288833738 B0.5-1Ib xkcd:red xkcd:red
5966213219190201856 255.105188622121 0.020666698 -42.31675095154189 0.014143427 1.1808321110237392 0.02952356 -1.4697065617940481 0.023353279 0.6405461879152953 0.022926293 "" "" 8.707157 343.8034017764549 -0.029940309902722347 1.0234807 1.4964989 1.4457438 1.5446216 "" "" "" "" "" "" "" "" "" "" "" 1.561167670444771 -0.43730141786814125 -1.833894577704993 7.075221322877115 221.65708465301907 -73.67951304068066 -2.2658663987756023 -1.071902209378071 -6.573874715759044 -0.5622767390533348 -0.000910354513311657 -10.28614634578332 17.797761077278846 "" 2.390841719960796 -0.7610820138136104 "" 0.05587698217463822 B2e "xkcd:dark green" xkcd:green
5976382915813535232 255.9865659301791 0.021049444 -37.8441202722809 0.012138224 2.4137032635492046 0.02806476 5.021949969731823 0.021347089 0.6327358617075665 0.025948899 "" "" 6.4204698 347.75444710988126 2.173492429913019 0.8081919 1.5139931999999998 1.4613417 1.5923752 "4U 1700-377" 1.96 0.19 46.0 5.0 -60.0 10.0 3.41166 4e-06 "" "" 1.5804383163952436 5.459355496184255 1.114173464609666 7.028846901035395 221.6000672685537 -56.34345840638415 -2.171203317603579 -1.0177427454204167 -7.952405001432037 -0.3283225037818241 0.051614287288650904 -8.070370409281788 59.034379209724136 -43.97722458928618 7.958881317569658 2.0803019227414317 73.6142256038466 0.06481477741223182 O6Iafcp xkcd:blue xkcd:blue
5980409632300781056 260.0246347466105 0.14206049 -31.283210647628042 0.09625773 -4.450374129916061 0.16434164 -4.677040280971733 0.11456925 0.10569083806813043 0.16020228 "" "" 17.91213 355.0221182281025 3.3474131126407536 0.99185634 7.0215576 4.438549 9.765323 "" "" "" "" "" "" "" "" "" "" "" 9.461558052509528 -6.377549195433853 1.0036941495691287 1.634260913424892 209.30957613355395 -94.11594753911326 -0.43524287689650193 -0.21115512681698614 -10.006598930498043 -0.6877027862257311 0.14069926154834408 -15.393057498658676 178.50130719736657 "" -5.25460353231162 1.074150014837771 "" 14.341481221155082 "" xkcd:grey xkcd:grey
6053076566300433920 183.31156879290245 0.012357388 -64.87513252303748 0.015193149 -5.95305662663964 0.015885808 0.449629791184431 0.020752924 0.26448691327892004 0.01766936 "" "" 13.976889 298.89007133029565 -2.303521643360621 1.3103513 3.299027 3.1170483 3.471596 "EXMS B1210-645" "" "" 9.6 "" -42.0 11.0 6.7 0.0005 "" "" 3.7809054051208566 -5.958118420264099 -0.37666303137996027 7.486137389705923 222.1471765398546 -218.78565171836567 -1.0248833328130231 -0.46842735873701846 6.98970777817352 -5.278638444249834 -0.06705212330203392 -22.956827365193423 5.944802340701484 -26.0328804129801 0.34540335679875867 0.1588164506590921 26.703024874843912 0.25258783113112304 B5V xkcd:red xkcd:red
6054569565614460800 186.65645139154256 0.012048252 -62.77035949368261 0.013341482 -5.226856654124623 0.015758464 -2.0707848986747575 0.018766105 0.25062115141915803 0.015989607 "" "" 9.751056 300.0980601666885 -0.03521279949727996 0.9085312 3.5460981 3.3819047999999996 3.7297097 "GX 301-2" "" "" 43.0 10.0 4.1 2.4 41.498 0.002 680.0 "" 3.9900862091544833 -5.028048922928033 -2.5153338959248557 7.388753064802706 222.03340769627624 -219.1296640831091 -0.9616540188481638 -0.451919775766423 6.354960220074714 -5.294481119177526 -0.0010466742970236997 -24.883696608003138 40.34585769082545 22.62873638792842 1.2280862150976573 -2.062367445861409 46.25849049982819 0.2545671457391046 "B1 Ia+" xkcd:red xkcd:red
6054778507172454912 188.50210227953616 0.045904923 -61.71761859192175 0.046307925 -5.117225288166624 0.05603682 0.9981333214208672 0.059727617 0.013984799250916106 0.06126882 "" "" 16.240847 300.868492644533 1.084281380369064 1.0551469 6.2416606 4.990495 8.211024 "" "" "" "" "" "" "" "" "" "" "" 71.50621056891416 -5.1665302763146395 0.699449555798573 7.53413879601813 222.2027319150567 -213.297049807209 -0.5491848379653627 -0.2607591714838048 5.987458953565751 -5.671233944323395 0.01548394865958722 -21.453773364720565 41.87348597435878 "" 1.0538885059741174 0.9447247786227906 "" 313.27594789006463 "" xkcd:grey xkcd:grey
