DATA/HMXB_practice_analysis.ecsv
# %ECSV 1.0
# ---
# datatype:
# - name: source_id
#   datatype: int64
#   description: Unique source identifier (unique within a particular Data Release)
#   meta: !!omap
#   - {ucd: meta.id}
# - name: ra
#   unit: deg
#   datatype: float64
#   description: Right ascension
#   meta: !!omap
#   - {ucd: pos.eq.ra;meta.main}
#   - {utype: 'stc:AstroCoords.Position3D.Value3.C1'}
#   - {CoosysSystem: ICRS}
#   - {CoosysEpoch: J2016.0}
# - name: ra_error
#   unit: mas
#   datatype: float32
#   description: Standard error of right ascension
#   meta: !!omap
#   - {ucd: stat.error;pos.eq.ra}
#   - {utype: 'stc:AstroCoords.Position3D.Error3.C1'}
# - name: dec
#   unit: deg
#   datatype: float64
#   description: Declination
#   meta: !!omap
#   - {ucd: pos.eq.dec;meta.main}
#   - {utype: 'stc:AstroCoords.Position3D.Value3.C2'}
#   - {CoosysSystem: ICRS}
#   - {CoosysEpoch: J2016.0}
# - name: dec_error
#   unit: mas
#   datatype: float32
#   description: Standard error of declination
#   meta: !!omap
#   - {ucd: stat.error;pos.eq.dec}
#   - {utype: 'stc:AstroCoords.Position3D.Error3.C2'}
# - name: pmra
#   unit: mas / yr
#   datatype: float64
#   description: Proper motion in right ascension direction
#   meta: !!omap
#   - {ucd: pos.pm;pos.eq.ra}
#   - {utype: 'stc:AstroCoords.Velocity3D.Value3.C1'}
# - name: pmra_error
#   unit: mas / yr
#   datatype: float32
#   description: Standard error of proper motion in right ascension direction
#   meta: !!omap
#   - {ucd: stat.error;pos.pm;pos.eq.ra}
#   - {utype: 'stc:AstroCoords.Velocity3D.Error3.C1'}
# - name: pmdec
#   unit: mas / yr
#   datatype: float64
#   description: Proper motion in declination direction
#   meta: !!omap
#   - {ucd: pos.pm;pos.eq.dec}
#   - {utype: 'stc:AstroCoords.Velocity3D.Value3.C2'}
# - name: pmdec_error
#   unit: mas / yr
#   datatype: float32
#   description: Standard error of proper motion in declination direction
#   meta: !!omap
#   - {ucd: stat.error;pos.pm;pos.eq.dec}
#   - {utype: 'stc:AstroCoords.Velocity3D.Error3.C2'}
# - name: parallax
#   unit: mas
#   datatype: float64
#   meta: !!omap
#   - {ucd: pos.parallax.trig}
# - name: parallax_error
#   unit: mas
#   datatype: float32
#   description: Standard error of parallax
#   meta: !!omap
#   - {ucd: stat.error;pos.parallax.trig}
# - name: radial_velocity
#   unit: km / s
#   datatype: float32
#   description: Radial velocity
#   meta: !!omap
#   - {ucd: spect.dopplerVeloc.opt;em.opt.I}
#   - {utype: 'stc:AstroCoords.Velocity3D.Value3.C3'}
# - name: radial_velocity_error
#   unit: km / s
#   datatype: float32
#   description: Radial velocity error
#   meta: !!omap
#   - {ucd: stat.error;spect.dopplerVeloc.opt;em.opt.I}
#   - {utype: 'stc:AstroCoords.Velocity3D.Error3.C3'}
# - name: phot_g_mean_mag
#   unit: mag
#   datatype: float32
#   description: G-band mean magnitude
#   meta: !!omap
#   - {ucd: phot.mag;em.opt}
# - name: l
#   unit: deg
#   datatype: float64
#   description: Galactic longitude
#   meta: !!omap
#   - {ucd: pos.galactic.lon}
#   - {utype: 'stc:AstroCoords.Position2D.Value2.C1'}
# - name: b
#   unit: deg
#   datatype: float64
#   description: Galactic latitude
#   meta: !!omap
#   - {ucd: pos.galactic.lat}
#   - {utype: 'stc:AstroCoords.Position2D.Value2.C2'}
# - name: ruwe
#   datatype: float32
[...]
# - {CAPTION: 'How to cite and acknowledge Gaia: https://gea.esac.esa.int/archive/documentation/credits.html'}
# - {CITATION: 'How to cite and acknowledge Gaia: https://gea.esac.esa.int/archive/documentation/credits.html'}
# - {JOBID: 1740486527543O}
# - {JOBNAME: HMXB_add_ruwe}
# - {RELEASE: Gaia DR3}
# schema: astropy-2.0
source_id ra ra_error dec dec_error pmra pmra_error pmdec pmdec_error parallax parallax_error radial_velocity radial_velocity_error phot_g_mean_mag l b ruwe distance_bj distance_bj_low distance_bj_high Name Mx Mx_err Mo Mo_err RV RV_err Period Period_err Spin_period Spin_period_err distance_para pm_l_poleski pm_b_poleski "galactic distance" "circular velocity" "LSR velocity" mu_l_sol mu_b_sol RV_r_sol mu_l_rot mu_b_rot RV_rot "Peculiar Velocity" "Peculiar Radial Velocity" peculiar_mu_l peculiar_mu_b "Peculiar Velocity 3D" dist_err SpType Mod_SpType SpColor
168450545792009600 58.84615062234396 0.029553613 31.045836091857545 0.020791648 -1.282117252826291 0.053073816 -1.8690907560201113 0.030308086 1.627402622661778 0.03745641 "" "" 6.261697 163.0813533466715 -17.136203125538678 1.5027114 0.6001466000000001 0.586646 0.6135245 "X Per" "" "" 15.5 "" 1.0 0.9 250.3 0.6 837.6712 0.0003 0.6144760897364175 0.3095889769659371 -2.245323934218814 9.050221459400962 223.80233108648486 57.85735769631713 5.678754520826265 -1.8927588919495255 8.331080353841104 -0.42115497748487507 -0.4031590737758587 -3.960352607991092 14.076316148409987 -3.3707277458500116 -4.948010566375453 0.05059403150657038 14.47426964812494 0.014142822981115537 B0Ve xkcd:purple xkcd:green
184497471323752064 80.64680481184236 0.025397874 37.6759929364201 0.019576473 1.3049449567151956 0.040826127 -3.9994793622028038 0.028048873 0.7213697567669315 0.030094078 "" "" 7.231733 170.05338802722687 0.7103172589013076 1.0481436 1.3198279 1.2776985 1.3696732 "EXO 051910+3737.7" "" "" 17.5 "" -20.5 4.4 "" "" "" "" 1.3862516284046154 4.038422032220199 -1.1789249333274139 9.802540754166134 224.50262725968088 33.25228004590941 2.439435356227649 -1.2311682821565653 8.193677748526671 -0.13190006446789362 0.010006155364788641 -5.822783384310856 10.831623641291293 -22.870894364215815 1.730886740460443 0.04223719346436274 25.306162880328166 0.05783159604211228 "B0 IVpe" xkcd:purple xkcd:green
252878401557369088 70.24720739300419 0.011905987 44.53034418647852 0.008385959 0.10064623612212906 0.016362276 -1.186127754569379 0.013658521 0.378823380551682 0.015042702 "" "" 10.403856 159.8470955000755 -1.2700235829277626 0.879651 2.4436519 2.3526979999999997 2.519473 "RX J0440.9+4431" "" "" 17.5 "" "" "" 150.0 "" 202.5 0.5 2.639752590095405 0.9593255549561471 -0.7047859211231655 10.826248319671492 225.3768378268218 60.209536638138864 1.4234979660475775 -0.64554297906578 5.620332737130843 -0.4548931277874611 -0.031164453762589747 -20.73843455429136 0.3425304843913022 "" -0.009279283303969266 -0.028078488294795815 "" 0.10482196429390027 B0e xkcd:green xkcd:green
276644757710014976 64.92556123476727 0.012604313 55.999360679043434 0.008108321 -0.4735607216045463 0.018276569 -0.5096656032780096 0.013492867 0.2100882458297216 0.014864282 "" "" 10.766115 149.17651611413766 4.133059262254314 1.1442628 4.128381999999999 3.857449 4.402587400000001 "XTE J0421+560" "" "" "" "" -51.0 2.0 19.41 0.02 "" "" 4.759904563202022 0.02670675915560328 -0.6952017931699837 12.21955319252043 226.44694446947207 79.40436769858293 0.8796196505446521 -0.3958616206504662 1.7521777685708044 -0.85185815500798 0.1263796031088879 -49.20037366231826 8.330736058162561 -3.551804106252541 -0.0010547363810687882 -0.42571977562840535 9.056294809686923 0.3367754452749184 B1/2I[e] xkcd:green xkcd:green
414196617287885312 18.996040698840275 0.010982572 59.15394486765568 0.012779636 -2.4625832668630094 0.014893881 -0.546486466252775 0.016773285 0.3391933399322079 0.01803902 "" "" 11.412056 126.08000772759438 -3.5676859152271287 1.0861942 2.607235 2.499728 2.700093 "EM* AS   14" "" "" "" "" "" "" "" "" "" "" 2.9481710938070385 -2.3920245855272095 -0.800738525527853 10.250522638804561 224.8954903554388 148.69597772702622 1.3543735403539963 -0.6370991545909823 -4.149277022000289 -2.7340887557700375 -0.15289228412387307 -36.54646594165479 12.511121706134723 "" -1.0123093701111685 -0.010747086812997575 "" 0.15678997907752415 "B1-2 III/Ve" xkcd:green xkcd:green
426558460884582016 14.177450998208093 1.8335997 60.71672280471204 2.3911946 "" "" "" "" "" "" "" "" 2.0645833 123.57698659515256 -2.1484240190698634 "" "" "" "" "gam Cas" "" "" 13.0 0.0 -0.018 0.075 203.371 0.089 "" "" 1.0 "" "" 0.0 1.5664 inf "" "" -5.069058694788397 "" "" nan "" nan "" "" "" "" B0.5IVpe xkcd:purple xkcd:green
427234969757165952 9.290132580203235 0.008413794 61.36013319063004 0.009818237 -1.7956235405295953 0.010947091 -0.5251300483100196 0.013608978 0.27189066538368456 0.012059882 "" "" 9.454656 121.22141620023214 -1.4641898756122689 0.97518367 3.40784 3.2624436 3.5502334 "IGR J00370+6122" "" "" 22.0 "" -80.0 3.0 15.6649 0.0014 674.0 "" 3.677948996847052 -1.8178140519374264 -0.4422414945716403 10.671246889706211 225.2497106060411 151.54835607219871 1.0081838839954012 -0.47988460641303254 -5.836009540939745 -2.912515423295978 -0.06055352471260275 -48.042310621127164 2.1140196867815066 -26.12167983793309 0.08651748736315046 0.09819663655399499 26.20708371398046 0.16313775201894146 "BN0.5II-III / BN0.7Ib" xkcd:red xkcd:red
444752973131169664 53.749629724978455 0.013929484 53.17313997828423 0.012730369 -0.26805266659388 0.019742586 0.4401283844933388 0.019827945 0.13434727271763658 0.020151323 "" "" 14.200214 146.05208942276994 -2.1940257086354467 1.0700557 5.883423 5.4845513 6.3010405 "V 0332+53" "" "" 18.8 "" "" "" 36.5 0.29 4.4 "" 7.4433963546230135 -0.4757472370713855 0.19806512394601175 13.773988568180057 227.5104229513129 77.1482097195817 0.6208160537405135 -0.27045155073291544 1.65427792924791 -0.8620819668255905 -0.06457767178295248 -76.17284262153619 16.24118893744768 "" -0.2344813239863085 0.5330943464618797 "" 1.11646689171978 O8-9Ve "xkcd:dark blue" xkcd:blue
465628193526364416 40.91843191991435 0.0067567313 61.434377668355616 0.008564885 -0.7289798897496916 0.010312551 0.13432816094165279 0.011728739 0.18150880543038156 0.011328216 "" "" 12.386541 135.93415668064728 1.4287879422071408 1.0006849 5.1687217 4.8863296 5.4875684 "Swift J0243.6+6124" "" "" "" "" "" "" 28.3 0.2 9.8661 0.0003 5.509374587248629 -0.7167206082424593 -0.18912245821688806 12.73053027399722 226.81020547687802 103.79751296873829 0.7054520081533407 -0.30838243279444794 -1.8873208171996785 -1.500995950878875 0.051748424337599304 -76.12915504850311 2.542658539542304 "" 0.0788233344830751 0.06751155023996058 "" 0.3438476916206344 O9.5Ve "xkcd:dark blue" xkcd:blue
465645515129855872 40.131931264833995 0.007332206 61.22933050838676 0.009209115 -0.42343174759612834 0.011322314 -0.2555250178055092 0.011918911 0.37764990611808313 0.012974979 "" "" 10.402225 135.6752737697255 1.0861251738760371 0.926974 2.4739568 2.4065700000000003 2.5448572 "LS I+61 303" "" "" 12.5 "" -41.41 0.6 26.496 0.0028 "" "" 2.647955113451878 -0.279058609498088 -0.4083059784791434 10.413945349664406 225.03471114172243 126.81628181184401 1.473198301271711 -0.6451137369363004 -1.9201631580140313 -1.989752698676205 0.04566709789966503 -34.606761735022225 3.574945738198507 -4.883075106963741 0.23749578790640613 0.19114066055749193 6.051831089126052 0.09097622527073537 B0Ve xkcd:purple xkcd:green
511220031584305536 26.750875487648646 0.011500537 61.356572911514526 0.013774355 -1.029427556881088 0.01621835 -0.08166309914192828 0.016919507 0.32796283875254345 0.021653285 "" "" 11.215371 129.54110404226162 -0.8001119868579849 1.351809 2.7401304 2.5974229 2.877874 "RX J0146.9+6121" "" "" 9.6 "" "" "" 330.0 "" 1407.4 3.0 3.0491259430600497 -0.9855121261320304 -0.30847334710531277 10.459907798710157 225.07348875559464 139.3780927536547 1.3078626323705722 -0.5889723333446671 -3.5057845056108183 -2.4165317207668062 -0.03417778840485217 -39.115247604613316 4.388962966693937 "" 0.1231569622642037 0.31467677464420657 "" 0.2013142527354372 B1III-Ve xkcd:green xkcd:green
518990967445248256 29.577032913394262 0.008842416 67.22318460660581 0.010229338 -1.1979575137021086 0.010899313 0.3002206665717444 0.013282542 0.1332721013963377 0.013151252 "" "" 13.687518 129.3522357669255 5.1887233924182254 1.0928953 5.6482246 5.216058 6.2012065000000005 "IGR J01583+6713" "" "" 12.5 "" "" "" "" "" 469.2 "" 7.503445878939821 -1.2346680901134437 -0.02879862024023381 12.826802342224385 226.87707532899307 114.12711988773697 0.6340368597467319 -0.2703180870907844 -4.340525578154056 -1.8536085961534077 0.19384386326355843 -86.24112794788336 1.338860277109113 "" -0.015096353706767873 0.04767560358699219 "" 0.7404378292195948 B2IVe "xkcd:dark purple" xkcd:green
519352324516039680 23.95771733364349 0.0074431454 66.21202346679833 0.008329693 -1.6256635994947488 0.00863042 -0.02743521083805346 0.011114323 0.1668629279602417 0.01096499 "" "" 12.461553 127.39442158128841 3.7256576059257593 1.053552 5.563626500000001 5.248088399999999 5.9916035 "IGR J01363+6610" "" "" 12.5 "" "" "" 159.0 2.0 "" "" 5.9929429036404605 -1.5939762607956323 -0.32058463708656854 12.664562598186668 226.7641037726772 118.95819471438345 0.6385499035475829 -0.27711774582794346 -4.730887622433924 -1.9953320387243396 0.14161828754104042 -85.4542963550566 7.934193134915856 "" -0.23719412561887543 -0.1850851787996655 "" 0.39381160205970045 B1Ve "xkcd:light purple" xkcd:green
524677469790488960 19.63319348306226 0.010895621 63.74252240557648 0.012050527 -1.6837604152272512 0.013374864 0.5035569322350394 0.016997673 0.13630637395963652 0.016345192 "" "" 14.304468 125.92351442320867 1.0282648921450845 1.017341 5.6585684 5.234406699999999 6.1456973 "4U 0115+634" "" "" 17.5 "" "" "" 24.3174 0.0004 3.614316 5e-06 7.33641407184761 -1.730226018688214 0.3081179062348416 12.676294744605926 226.7723196566781 121.38080308400897 0.6235655487940277 -0.280178754985223 -4.812514980918908 -2.0757221108651653 0.039271176462092314 -87.51917624687124 16.506772010922433 "" -0.2780694566170765 0.5490254847579723 "" 0.8797467884728718 B0.2Ve xkcd:purple xkcd:green
524924310153249920 19.511227046863358 0.0074612005 65.29162260285469 0.00889375 -1.2433985583085483 0.009154735 0.7606173957665759 0.011805355 0.1964171573898191 0.011268352 "" "" 10.520529 125.70997540875491 2.563488419804798 0.94464165 4.5270576 4.3225546999999995 4.8506323 "2S 0114+650" "" "" 16.0 2.0 -31.0 5.0 11.5983 0.0006 10008.0 36.0 5.091204929798221 -1.3209841517227512 0.6161003720529863 11.729386170278929 226.08449594142465 131.15891549989152 0.7786042931208563 -0.34394356243495516 -5.0743600444446795 -2.3077846294464437 0.10251400406452874 -67.8008700542616 18.935655805824076 41.875230098706275 0.20819618460283618 0.8575299304234127 45.95752339515517 0.29207983061034437 B1Iae "xkcd:bright green" xkcd:green
1978365123143522176 323.5848682806499 0.011234178 47.63337917570627 0.0112197 -2.2116582562207454 0.014625879 -2.55791755533225 0.0145529 0.08351192645368731 0.014160462 "" "" 14.0036335 92.17160730696891 -3.1176825605720886 1.0569863 8.518012 7.761804 9.59976 "IGR J21347+4737" "" "" 12.5 "" "" "" "" "" 322.7 0.6 11.97433758823135 -3.3543140337077446 -0.4277286820609328 12.25034187563077 226.4692421078303 154.6502388970535 0.28006136847556323 -0.20571017463872476 -12.748142588691795 -3.7254482297848335 -0.09065915196391307 -96.85439621210035 6.453690492596508 "" 0.09107282760152557 -0.13135935545829497 "" 2.030394415342535 B1--1.5III--V xkcd:black xkcd:red
1979911002134040960 330.4091919702234 0.011207036 50.16795238313883 0.011057302 2.364625293266044 0.014718983 -0.2937024864956449 0.013353956 0.8781947661310571 0.013396814 "" "" 9.304606 97.24776932144769 -4.041208697923339 0.9346025 1.1175298 1.0990605 1.1369066 "1H 2202+501" "" "" "" "" -16.8 2.5 "" "" "" "" 1.1386995670739004 1.7284177853776819 -1.6402090986570457 8.711113936239903 223.46819114780308 213.64803213297685 2.346474064359324 -1.5925472121470545 -11.563043701438762 -5.200777677201773 -0.07036762978133455 -5.406988962583723 24.2753913853102 0.17003266402248407 4.582721398220132 0.022705743271343407 24.275986859792688 0.017370801353402254 B3e xkcd:green xkcd:green
1982359580155628160 340.73874140526055 0.0132412175 44.72172459979292 0.01429974 -3.4776109132211244 0.015737077 -3.1589986974648205 0.016737616 0.485993229298655 0.018474221 "" "" 8.705068 100.17544003164187 -12.398496666587082 1.1386589 1.9588258 1.9000535 2.0270062 "MWC 656" 5.4 1.6 7.8 2.0 -14.1 2.1 60.37 0.04 "" "" 2.05764183472909 -4.560814871598569 -1.127837816950831 9.036359359278027 223.7889096183992 200.2988827267418 1.4036595262701708 -1.0648783005453872 -9.578644899290467 -4.881912719564458 -0.29721959471066206 -13.34522381328269 10.284049327700755 8.823868712573157 -1.0825616783042822 0.23426007830521833 13.550731700956588 0.07821781904415968 B1.5-B2III xkcd:red xkcd:red
2005653524280214400 331.98428755192987 0.012050482 54.518432170802825 0.011263556 -4.172517978480273 0.0151939755 -3.316562372366748 0.013615789 0.3050532500378427 0.013605253 "" "" 9.743357 100.60324189142595 -1.1059224650682717 0.9785323 3.1674092000000003 3.0472979000000002 3.3326724 "4U 2206+543" "" "" 18.0 "" -54.5 1.0 9.558 0.04 392.0 "" 3.2781161973391435 -5.3203649202928 -0.3212621444519147 9.601298307217442 224.32049918221543 193.05324344258742 0.8737514207648808 -0.5207464477558823 -11.231698001733578 -4.524750124546764 -0.031886775806402666 -28.012261652328274 25.302641160941512 -15.256040345938148 -1.6693662165109169 0.23137107911037028 29.546072780595804 0.14620267017950472 O9.5IIIe "xkcd:bright blue" xkcd:blue
2021785421455305344 295.5465223645784 0.032075334 25.934890350462474 0.04769733 -1.953244017446547 0.042712506 -3.987108346450195 0.058592208 0.019283663596520964 0.060263168 "" "" 17.054539 61.58010557440001 1.3548851543347347 1.0167853 8.438992 6.744408999999999 10.507007999999999 "1RXS J194211.9+255552" "" "" "" "" "" "" 166.5 0.5 "" "" 51.85736595096036 -4.428399138706507 -0.3185533335675472 8.669926962717598 223.42675957784715 190.70743067931807 0.07564288681034087 -0.17983434537961984 -17.27593458522321 -5.40470762528101 0.002241649087996467 -3.866982840408539 36.465931156569624 "" 0.9006655997641619 -0.14096063727592384 "" 162.0588921891883 "" xkcd:black xkcd:grey
2026914849346539008 297.48094936995193 0.012892829 25.566594846422447 0.019209255 -2.3838963550775913 0.01785131 -5.145184250598648 0.027028784 0.11141137992886387 0.026741143 "" "" 13.963173 62.13626690776949 -0.3368577763444705 0.9918761 5.6107773 4.7615747 6.645741 "IGR J19498+2534" "" "" "" "" "" "" "" "" "" "" 8.975743776250683 -5.637517262640846 -0.6117858430750652 7.690983108910545 222.38191743022654 215.37808045136165 0.1200082454428776 -0.28953592116532184 -17.025860471573704 -5.628102400731728 0.004522733835650611 18.51127726797356 9.347357227356616 "" -0.1294231073519958 -0.326772655745394 "" 2.1543728373344093 "early BIa" xkcd:red xkcd:grey
2028089540103670144 296.4139748795565 0.017021954 27.365399152475934 0.022254357 -2.4130254444730657 0.023112494 -4.043007630284439 0.028101064 0.02069077540146113 0.029170023 "" "" 15.688565 63.207143530473964 1.3955652936534102 1.0054941 12.164791 10.002854 14.738491 "XTE J1946+274" "" "" 15.0 0.0 "" "" 172.7 0.6 15.78801 4e-05 48.330716495495984 -4.708307340567436 0.021082717363817907 11.267337811844945 225.72926263450304 150.04592146096135 0.06087487571364859 -0.12458161585932383 -17.18825854449588 -4.541829370089235 0.020372412612005356 -63.916711363947186 14.968293346674507 "" -0.2273528461918497 0.12529192061113636 "" 68.13703681146595 B01-IVVe xkcd:purple xkcd:green
2031939548802102656 297.39783883472126 0.008815533 30.20880848740128 0.011791565 -2.26403288923693 0.011820588 -4.08907537104113 0.014689061 0.027654384165323034 0.01372901 "" "" 13.8340435 66.09896538287826 2.083585457599563 1.0205581 13.692617 11.93849 16.453439999999997 "KS 1947+300" "" "" 17.5 "" "" "" 40.415 0.007 18.7 "" 36.16063167495666 -4.671153313150496 -0.16342900184735476 12.854641653945851 226.89632244928663 135.11499057497375 0.06723438504633676 -0.10760405914301759 -17.07466449539618 -4.07618689932363 0.038168637604593346 -102.97512354899843 43.40961620016066 "" -0.6622007988732035 -0.09399358030893051 "" 17.951933510839638 B0Ve xkcd:purple xkcd:green
