DATA/HMXB_20250219_.ecsv
# %ECSV 1.0
# ---
# datatype:
# - name: source_id
#   datatype: int64
#   description: Unique source identifier (unique within a particular Data Release)
#   meta: !!omap
#   - {ucd: meta.id}
# - name: ra
#   unit: deg
#   datatype: float64
#   description: Right ascension
#   meta: !!omap
#   - {ucd: pos.eq.ra;meta.main}
#   - {utype: 'stc:AstroCoords.Position3D.Value3.C1'}
#   - {CoosysSystem: ICRS}
#   - {CoosysEpoch: J2016.0}
# - name: ra_error
#   unit: mas
#   datatype: float32
#   description: Standard error of right ascension
#   meta: !!omap
#   - {ucd: stat.error;pos.eq.ra}
#   - {utype: 'stc:AstroCoords.Position3D.Error3.C1'}
# - name: dec
#   unit: deg
#   datatype: float64
#   description: Declination
#   meta: !!omap
#   - {ucd: pos.eq.dec;meta.main}
#   - {utype: 'stc:AstroCoords.Position3D.Value3.C2'}
#   - {CoosysSystem: ICRS}
#   - {CoosysEpoch: J2016.0}
# - name: dec_error
#   unit: mas
#   datatype: float32
#   description: Standard error of declination
#   meta: !!omap
#   - {ucd: stat.error;pos.eq.dec}
#   - {utype: 'stc:AstroCoords.Position3D.Error3.C2'}
# - name: pmra
#   unit: mas / yr
#   datatype: float64
#   description: Proper motion in right ascension direction
#   meta: !!omap
#   - {ucd: pos.pm;pos.eq.ra}
#   - {utype: 'stc:AstroCoords.Velocity3D.Value3.C1'}
# - name: pmra_error
#   unit: mas / yr
#   datatype: float32
#   description: Standard error of proper motion in right ascension direction
#   meta: !!omap
#   - {ucd: stat.error;pos.pm;pos.eq.ra}
#   - {utype: 'stc:AstroCoords.Velocity3D.Error3.C1'}
# - name: pmdec
#   unit: mas / yr
#   datatype: float64
#   description: Proper motion in declination direction
#   meta: !!omap
#   - {ucd: pos.pm;pos.eq.dec}
#   - {utype: 'stc:AstroCoords.Velocity3D.Value3.C2'}
# - name: pmdec_error
#   unit: mas / yr
#   datatype: float32
#   description: Standard error of proper motion in declination direction
#   meta: !!omap
#   - {ucd: stat.error;pos.pm;pos.eq.dec}
#   - {utype: 'stc:AstroCoords.Velocity3D.Error3.C2'}
# - name: parallax
#   unit: mas
#   datatype: float64
#   description: Parallax
#   meta: !!omap
#   - {ucd: pos.parallax.trig}
# - name: parallax_error
#   unit: mas
#   datatype: float32
#   description: Standard error of parallax
#   meta: !!omap
#   - {ucd: stat.error;pos.parallax.trig}
# - name: radial_velocity
#   unit: km / s
#   datatype: float32
#   description: Radial velocity
#   meta: !!omap
#   - {ucd: spect.dopplerVeloc.opt;em.opt.I}
#   - {utype: 'stc:AstroCoords.Velocity3D.Value3.C3'}
# - name: radial_velocity_error
#   unit: km / s
#   datatype: float32
#   description: Radial velocity error
#   meta: !!omap
#   - {ucd: stat.error;spect.dopplerVeloc.opt;em.opt.I}
#   - {utype: 'stc:AstroCoords.Velocity3D.Error3.C3'}
# - name: phot_g_mean_mag
#   unit: mag
#   datatype: float32
#   description: G-band mean magnitude
#   meta: !!omap
#   - {ucd: phot.mag;em.opt}
# - name: l
#   unit: deg
#   datatype: float64
#   description: Galactic longitude
#   meta: !!omap
#   - {ucd: pos.galactic.lon}
#   - {utype: 'stc:AstroCoords.Position2D.Value2.C1'}
# - name: b
#   unit: deg
#   datatype: float64
#   description: Galactic latitude
#   meta: !!omap
#   - {ucd: pos.galactic.lat}
#   - {utype: 'stc:AstroCoords.Position2D.Value2.C2'}
# - name: phot_bp_mean_mag
#   unit: mag
[...]
# - {JOBID: 1729071608168O}
# - {JOBNAME: HMXB_with_Color}
# - {RELEASE: Gaia DR3}
# schema: astropy-2.0
source_id ra ra_error dec dec_error pmra pmra_error pmdec pmdec_error parallax parallax_error radial_velocity radial_velocity_error phot_g_mean_mag l b phot_bp_mean_mag phot_rp_mean_mag bp_rp Name Mx Mx_err Mo Mo_err RV RV_err Period Period_err Spin_period Spin_period_err distance pm_l_poleski pm_b_poleski "galactic distance" "circular velocity" "LSR velocity" mu_l_sol mu_b_sol RV_r_sol mu_l_rot mu_b_rot RV_rot "Peculiar Velocity" "Peculiar Radial Velocity" peculiar_mu_l peculiar_mu_b dist_err SpType Mod_SpType SpColor
[from data line 25]
2059383668236814720 299.59029482904185 0.010937963 35.201578765113695 0.01300258 -3.812385175624448 0.014573607 -6.309893239635542 0.017452912 0.44390196847449304 0.014949423 nan nan 8.536617 71.33495940203416 3.0668344499402203 9.073668 7.8143406 1.2593269 "Cyg X-1" 21.2 2.2 40.6 7.7 -7.0 5.0 5.5998 0.0001 "" "" 2.252749640729428 -7.3714385326728324 -0.1045341185716774 8.06669761991884 222.79726524159187 220.06804751891272 0.5506169428852649 -0.6288474104939684 -16.724298188528177 -5.399029766013547 -0.056094852708723615 10.609829262323856 27.644626713774468 -0.8855310737956792 -2.52302570954455 0.5804081446310146 0.07586654322808055 O9.7Iabpvar xkcd:blue xkcd:blue
2063791369815322752 308.0636268551211 0.06144416 37.63743239546562 0.0759506 -3.370917952976648 0.08323335 -5.400072973224192 0.09149153 0.3418462523155139 0.08463053 nan nan 16.89136 77.15184001171907 -1.241801183457772 19.491253 15.41941 4.071843 "EXO 2030+375" "" "" 17.5 "" "" "" 46.0214 0.0005 41.306 0.003 2.9252916866177308 -6.342133523384574 -0.5488336117697298 8.351500106687862 223.09990827768783 219.23726674218403 0.5412848510160556 -0.5724568133426775 -15.492685150941254 -5.494755176547417 0.005961016005925749 3.746415360153596 19.256598235247168 "" -1.3886631978532131 0.01766218556702198 0.724211467075547 B0Ve xkcd:purple xkcd:green
2065653598916388352 314.6980582988151 0.011033155 41.776979685270454 0.012759363 -2.2095525666212845 0.015213015 -3.351196585258945 0.017332293 0.07752894522296322 0.015234454 nan nan 14.130871 83.56987683360249 -2.655492481981887 14.943625 13.225443 1.7181826 "GRO J2058+42" "" "" 18.0 "" "" "" 55.0 "" 195.25 0.02 12.898408421836894 -3.9749598405749427 -0.5588697196398714 14.619559323055906 228.04142430900058 129.47970414369138 0.1506249395556506 -0.13533228359046293 -14.356028956859152 -3.343621048546414 -0.06934582735610473 -157.22318656914382 52.48368682599424 "" -0.7819637315841788 -0.3541916086933038 2.5345398947189954 O9.5-B0IV-Ve "xkcd:dark blue" xkcd:blue
2067835682818358400 308.0546693559062 0.011941006 41.4567587500388 0.01462144 -2.8762382942769733 0.017133817 -0.9478946506888151 0.019980531 0.5677534793686149 0.015594214 nan nan 11.277184 80.2238146279451 1.0278993456654848 11.974401 10.358142 1.6162596 "PSR J2032+4127" "" "" 15.0 2.8 "" "" 17000.0 1000.0 0.14324743146 2e-11 1.7613278233223268 -2.4858584516354987 1.7296701282909832 8.382592046758893 223.13234549580312 220.82086619178628 0.9982267697464148 -0.8774364248986246 -15.370233959859341 -5.474211192859549 -0.006524919685716846 2.9941845110764316 27.42602596375358 "" 1.9901259714776356 2.6136314728753245 0.048377551795134144 B0:e/B0:Vn xkcd:black xkcd:red
2070085317968809216 310.8277570377428 0.053237583 44.638891277204316 0.052057836 -2.6133344012162185 0.066138886 -4.23233099180295 0.07114926 0.04162604925642393 0.0633569 nan nan 16.56358 83.98370959231536 1.3407233597302817 18.875046 15.183072 3.6919737 "" "" "" "" "" "" "" "" "" "" "" 24.023418457029653 -4.936419930705 -0.6114741077873269 24.622463190645114 232.74113327249617 77.7465654640212 0.08180381439448295 -0.06371222546497336 -14.830865662463326 -2.017634735070511 0.029436603117828915 -414.8753099327961 347.9442594704068 "" -3.0005890100289725 -0.5771984854401825 36.564827010966496 B0-2e xkcd:green xkcd:green
2083644392294059520 307.62850374937096 0.014208545 47.86406792934166 0.015089852 -2.7141040155086364 0.019856887 -4.536134376478879 0.018183656 0.41938547226134665 0.015947413 nan nan 9.025331 85.23069069394988 5.047488517939756 9.276331 8.580136 0.69619465 "RX J2030.5+4751" "" "" 14.6 "" "" "" 46.02 "" "" "" 2.3844412030010287 -5.261899380047558 -0.5052629045642008 8.633326886722088 223.38978318073808 216.19740504475487 0.8522059892214815 -0.5573332807115997 -15.06348614911604 -5.401176220173416 0.026356136921557517 -3.4255297184204574 8.062943963227475 "" -0.7129291490956238 0.02571423922584144 0.09066996936450945 B0.5III-Ve xckd:green xkcd:green
2162805896614571904 315.8987696922526 0.010842505 45.751532832107685 0.010506174 -3.5054837830048067 0.013726339 -3.159757095149621 0.012575196 0.1308623368949642 0.0129473135 nan nan 13.774436 87.13025161063592 -0.6848018984801163 14.475037 12.9513855 1.5236511 "SAX J2103.5+4545" "" "" 17.5 "" "" "" 12.66536 0.00088 358.61 0.03 7.641618082998498 -4.696634531165461 0.4627153919227837 11.141478823637568 225.63007360090134 169.76448068579774 0.27899528954745256 -0.2144667979335795 -14.031811159588555 -4.237929361506557 -0.017188988099382352 -68.27707234265245 36.69544103250342 "" -0.7377004592063567 0.6943711779557455 0.7560496566095254 B0Ve xkcd:purple xkcd:green
2178178409188167296 324.87785209104953 0.011529865 56.98621852916199 0.011889285 -2.9640416014718474 0.014118381 -2.2040186769337904 0.014115204 0.1048329214464288 0.012664483 nan nan 13.816205 99.01220859043599 3.3125256362962086 14.523019 12.969804 1.553215 "Cep X-4" "" "" 10.8 "" "" "" 20.85 0.05 65.3508 0.00014 9.53898819380909 -3.6835875154702458 0.2728075501163939 13.722172877554721 227.4768735661599 136.81850112152262 0.2830277604636345 -0.1528021275841526 -12.159872318358461 -3.09182796638364 0.1056745229264909 -133.27050325269454 42.11562624458081 "" -0.8747873095502401 0.31993515477405554 1.152370376326611 B1-B2Ve "xkcd:light purple" xkcd:green
2201091578667140352 339.8368297959251 0.012457491 61.27405311885465 0.012111427 -2.344283875542537 0.015320877 -1.01527492097991 0.014133349 0.10398616408830161 0.013974317 nan nan 14.104571 107.73443066473111 2.362332253415067 15.060287 13.122439 1.9378481 "SAX J2239.3+6116" "" "" 17.5 "" "" "" 262.0 5.0 1247.2 0.7 9.616663993402364 -2.5448550857789543 0.22397019150880831 14.639968887347397 228.053873036283 123.96618660365144 0.31655239007417124 -0.1578484501971588 -9.969019657201866 -2.553231707016569 0.0794687601657688 -151.2362538072459 19.679382764039776 "" -0.3081757688365565 0.3023498815401983 1.292348031735604 B0Ve xkcd:purple xkcd:green
2207277877757956352 343.4796708776849 0.0151309585 62.726882349922974 0.016191678 -2.0222920919832523 0.019414423 -0.9491735730230428 0.021341369 0.05969510170980296 0.018092364 nan nan 14.571745 109.92386340874582 2.861557411334844 15.816853 13.466603 2.3502493 "2MASS J22535512+6243368" "" "" "" "" "" "" "" "" 46.753 0.003 16.75179321850092 -2.2339517633210306 0.007436140005756668 21.19191232197069 231.3785617994499 85.12583824996852 0.1862394910397725 -0.08986937554934263 -9.473720536951324 -1.623984560028584 0.07788156144187978 -308.4497201156574 63.24040838596717 "" -0.796206694332219 0.01942395411321951 5.077125812679612 B0-1III-Ve xkcd:green xkcd:green
2935943990338336000 107.40407113202392 0.015638072 -16.09632779315406 0.016122777 -1.83557676140376 0.018114142 1.3651331368295974 0.017123654 0.3150511705299787 0.024213685 nan nan 9.192802 229.3086037556084 -3.3634337760631268 9.239652 9.052243 0.18740845 "MAXI J0709-159" "" "" "" "" "" "" "" "" "" "" 3.1740875563731477 -2.0619706007996625 -0.9905593216529799 10.835603653801405 225.38445471694405 -132.2019275670511 0.04506970611436845 -0.43660493998599853 17.769386641973117 -2.224894154472499 0.14021178263280118 45.75688218209528 10.593301138060902 "" 0.11785384755846806 -0.6941661642997826 0.24394880121611565 "" xkcd:red xkcd:grey
3052677318793446016 104.5720297066811 0.011529474 -7.209773385395211 0.011108977 -0.6378130521867398 0.015482978 1.255994695309955 0.01384412 0.15384849037023873 0.01513867 nan nan 11.985233 220.12853955777865 -1.7672780916635629 12.54949 11.276765 1.2727251 "" "" "" "" "" "" "" "" "" "" "" 6.499901283356663 -1.4085988917415255 0.01331639482210863 14.103383082304825 227.72090450087248 -87.03042428926616 0.11158614747019528 -0.22951982611710056 17.249233338837787 -1.1207180694159569 0.05639024504259719 93.4272228819242 13.581936313197199 "" -0.399466969795764 0.18644597589661202 0.6395893744857999 O9.7Ve "xkcd:dark blue" xkcd:blue
3131755947406031104 98.82616381073139 0.011718217 5.551744844144263 0.012005568 -0.4194122332666873 0.013308586 0.40481488843078406 0.013038876 0.14244424425253302 0.014909007 nan nan 12.49683 206.1527475102726 -1.0423267344157698 13.084854 11.743903 1.340951 "" "" "" "" "" "" "" "" "" "" "" 7.020290677573078 -0.5530376525233651 -0.1842038821535089 15.12042038130749 228.34220671630482 -55.62277086540606 0.22380550644972771 -0.21977729073041352 15.824389182212544 -0.4707695879833637 0.023210048558604816 75.51361598805022 10.193264221189846 "" -0.30607357098972915 0.012363360018299793 0.7347826581741871 B1IIIe-B2Ve "xkcd:light green" xkcd:green
3131822364779745536 98.24690241608782 0.017513767 5.800320528353365 0.016286489 -0.02593417315151327 0.020145865 -0.42836049364061723 0.016182685 0.5403983439245413 0.022634415 nan nan 8.879788 205.6665423995996 -1.4395259578170154 9.236007 8.30983 0.926177 "" "" "" "" "" "" "" "" "" "" "" 1.8504867959766274 0.3673831376644901 -0.22179928766540308 10.198896128889183 224.85106601005765 -80.21227985715181 0.864210366822082 -0.8214366782267838 15.810966171414497 -0.7838588535695544 0.045461555073312135 19.039458816270997 5.474153280673307 "" 0.28703162441196256 0.5541758354880686 0.07750705841639971 B0Vpe xkcd:purple xkcd:green
3423526544838563328 91.86088634197857 0.015897393 22.096597258920347 0.013606945 0.5732377211072881 0.019897899 -0.6083328898340276 0.013670167 0.13811993413445758 0.01807464 nan nan 12.166335 188.38532157936345 0.81375073815519 12.454572 11.655486 0.7990856 "" "" "" "" "" "" "" "" "" "" "" 7.240084541500836 0.8104328282649151 0.2046192088358929 15.6975040460649 228.67711785867473 -17.742610454758694 0.3461638932291008 -0.22667823722035896 12.558613411683893 -0.048518448625606864 -0.006087680046449853 27.163611488596487 23.129839847576047 "" 0.5127873836614212 0.4373851261027017 0.9474513310628977 B0.5Ve xkcd:purple xkcd:green
3431561565357225088 88.9793400429246 0.025333079 28.78510745617743 0.019279195 0.6335009708782582 0.034441847 -2.188869529714144 0.021136435 0.5974982986364249 0.03006207 nan nan 10.010054 181.2839667823892 1.8595308169574565 10.05571 9.863571 0.19213867 "" "" "" "" "" "" "" "" "" "" "" 1.6736449330184546 2.2111430331762474 -0.5507447549009045 10.172412623517845 224.82819319317286 -4.1593020491747374 1.683405259391594 -1.0029210857777002 10.849570599193415 -0.002102606143803814 -0.0033151240939741544 0.9694228044340646 5.542963531408118 "" 0.5298403799284572 0.4554914549707699 0.08420648467314708 B5ne xkcd:green xkcd:green
3441207615229815040 84.72739245821431 0.0202507 26.31577524440175 0.015788812 -0.5898287895613142 0.030902112 -2.879557993302878 0.01621094 0.5245380785708109 0.023250582 nan nan 8.601999 181.44504956690048 -2.643537066457817 8.987547 8.0104475 0.9770994 "" "" "" "" "" "" "" "" "" "" "" 1.9064392860183996 2.12603198111763 -2.0297143279424583 10.403915664294958 225.02622744453242 -4.5772627558119305 1.4743856024086786 -0.7832807603717467 11.47820586929517 -0.0025775251985549665 0.005181971135181485 1.2413753397219283 12.762149422593925 "" 0.6542239039075064 -1.2516155387058931 0.08450448914978252 O9.7IIIe "xkcd:bright blue" xkcd:blue
4040960662373474176 265.75551465281137 0.08151785 -36.37284591519637 0.057155497 -4.482602975761192 0.10855075 -1.6461457547450966 0.053175185 0.015284659682691548 0.09846801 nan nan 15.221218 353.370063329925 -3.4202891724245283 19.52165 13.430913 6.0907373 "" "" "" "" "" "" "" "" "" "" "" 65.42507460158939 -3.7415792978069162 2.967171994069623 56.8738478480584 240.4935271254432 -3.8949904654218415 -0.04758229878728848 -0.026225129075285576 -8.687845243651008 -1.4165025170506065 0.0041562100735622375 144.29698226778842 1165.4107266526821 "" -2.277494481969021 2.9892409130713467 421.48646009710285 OI xkcd:blue xkcd:blue
4054559284753424000 263.86499688214946 0.3286957 -32.931823120905946 0.26250544 -5.229906836623692 0.44514284 -8.582699679934175 0.33690384 0.03533694862391942 0.4148418 nan nan 18.914875 355.45760136708867 -0.27304137285712365 21.316357 17.193676 4.1226807 "IGR J17354-3255" "" "" 29.6 0.0 "" "" 8.447 0.002 "" "" 28.298991252547044 -10.048295080691561 -0.2154652803938758 19.836793947020603 230.78100197323366 -7.661579363457085 -0.10744674665762108 -0.05700197353241492 -9.652673428693388 -3.2741640020479275 0.00035375607796164733 23.23788773459618 894.504205809882 "" -6.666684331986014 -0.15881706293942252 332.2189649309201 "O8.5Iab(f) or O9Iab" xkcd:blue xkcd:blue
4056922105185686784 264.79812927251425 0.04043273 -30.34381326584938 0.032697078 -0.42745718004650846 0.04873871 3.760039450836629 0.033256132 0.5159549421559745 0.048020627 nan nan 12.643312 358.067753895708 0.4452361176333438 15.008059 11.256569 3.7514896 "XTE J1739-302" "" "" 33.7 "" "" "" 51.47 "" "" "" 1.9381537384279914 2.957305428865046 2.3611355134821164 6.563332112962362 221.00680939822192 -9.578002084216209 -1.5191735721234876 -0.818502367630684 -10.394044570939 -0.009225976924893723 0.0018514319493084263 -1.690064491008254 50.502502978941095 "" 4.485704977913427 3.1777864491634915 0.18038660126096484 O8Iab(f) xkcd:blue xkcd:blue
4060784345959549184 266.19068598153774 0.019861849 -27.2290321367955 0.015680317 -0.8569741814419296 0.023891095 -2.295820285732529 0.015573473 0.787333882479544 0.023699261 nan nan 8.234564 1.3578175114162994 1.0519589547965902 8.511403 7.735419 0.7759843 "RX J1744.7-2713" "" "" 14.6 "" "" "" "" "" 3245.0 350.0 1.2701091903357549 -2.4057735164992513 -0.46631461412858083 7.230524073085979 221.84544929086806 6.127945163456568 -2.215873573787272 -1.2282707131626487 -11.256890528307533 -0.003920812782848165 -0.002791180084559479 0.7784543373173332 4.738210371963221 "" -0.18597912992913102 0.7647472791186274 0.038231111584578314 "B0.5 III-Ve" xkcd:green xkcd:green
4063908810076415872 268.6052987030251 0.022245996 -26.331274336947732 0.017260587 -0.5057220749359188 0.028629052 -0.667794468304362 0.018198028 0.3963276780006648 0.026676178 nan nan 11.663726 3.235979885614684 -0.33555745740311615 12.946659 10.542322 2.404337 "IGR J17544-2619" 1.4 "" 23.0 2.0 -46.8 4.0 4.92693 0.00036 71.49 0.02 2.5231646829326984 -0.8318238551198182 0.0988602196487565 5.982597269297603 220.20727720567655 17.53942880769368 -1.0843551500872668 -0.6411073115516397 -11.505771041838011 -0.029925908812929537 0.0025589141860404984 3.677911505769086 9.444105143273495 -38.972140463931076 0.2824572037803782 0.7374086170143557 0.1698301528941027 O9Ib xkcd:blue xkcd:blue
4070770243676311936 269.64397104543735 0.27038908 -21.389332109203 0.19027168 -2.36538712986673 0.35116014 -3.810504961475337 0.23855187 0.133383862286102 0.22734681 nan nan 18.813751 7.98621486794217 1.3265957398942791 21.803795 16.990738 4.813057 "" "" "" "" "" "" "" "" "" "" "" 7.497158823119456 -4.48255485892972 0.14733048650189942 1.498492801223773 208.60088857803177 164.05388864896224 -0.336769051038998 -0.20560835312110332 -12.757347834417118 -2.3205707284963797 -0.09304067271899781 25.170396008801315 66.76999438830356 "" -1.8252150793943418 0.44597951234200056 12.77857078195223 "" xkcd:grey xkcd:grey
