DATA/HMXB_all_errors_20250310.ecsv
# %ECSV 1.0
# ---
# datatype:
# - name: source_id
#   datatype: int64
#   description: Unique source identifier (unique within a particular Data Release)
#   meta: !!omap
#   - {ucd: meta.id}
# - name: ra
#   unit: deg
#   datatype: float64
#   description: Right ascension
#   meta: !!omap
#   - {ucd: pos.eq.ra;meta.main}
#   - {utype: 'stc:AstroCoords.Position3D.Value3.C1'}
#   - {CoosysSystem: ICRS}
#   - {CoosysEpoch: J2016.0}
# - name: ra_error
#   unit: mas
#   datatype: float32
#   description: Standard error of right ascension
#   meta: !!omap
#   - {ucd: stat.error;pos.eq.ra}
#   - {utype: 'stc:AstroCoords.Position3D.Error3.C1'}
# - name: dec
#   unit: deg
#   datatype: float64
#   description: Declination
#   meta: !!omap
#   - {ucd: pos.eq.dec;meta.main}
#   - {utype: 'stc:AstroCoords.Position3D.Value3.C2'}
#   - {CoosysSystem: ICRS}
#   - {CoosysEpoch: J2016.0}
# - name: dec_error
#   unit: mas
#   datatype: float32
#   description: Standard error of declination
#   meta: !!omap
#   - {ucd: stat.error;pos.eq.dec}
#   - {utype: 'stc:AstroCoords.Position3D.Error3.C2'}
# - name: pmra
#   unit: mas / yr
#   datatype: float64
#   description: Proper motion in right ascension direction
#   meta: !!omap
#   - {ucd: pos.pm;pos.eq.ra}
#   - {utype: 'stc:AstroCoords.Velocity3D.Value3.C1'}
# - name: pmra_error
#   unit: mas / yr
#   datatype: float32
#   description: Standard error of proper motion in right ascension direction
#   meta: !!omap
#   - {ucd: stat.error;pos.pm;pos.eq.ra}
#   - {utype: 'stc:AstroCoords.Velocity3D.Error3.C1'}
# - name: pmdec
#   unit: mas / yr
#   datatype: float64
#   description: Proper motion in declination direction
#   meta: !!omap
#   - {ucd: pos.pm;pos.eq.dec}
#   - {utype: 'stc:AstroCoords.Velocity3D.Value3.C2'}
# - name: pmdec_error
#   unit: mas / yr
#   datatype: float32
#   description: Standard error of proper motion in declination direction
#   meta: !!omap
#   - {ucd: stat.error;pos.pm;pos.eq.dec}
#   - {utype: 'stc:AstroCoords.Velocity3D.Error3.C2'}
# - name: l
#   unit: deg
#   datatype: float64
#   description: Galactic longitude
#   meta: !!omap
#   - {ucd: pos.galactic.lon}
#   - {utype: 'stc:AstroCoords.Position2D.Value2.C1'}
# - name: b
#   unit: deg
#   datatype: float64
#   description: Galactic latitude
#   meta: !!omap
#   - {ucd: pos.galactic.lat}
#   - {utype: 'stc:AstroCoords.Position2D.Value2.C2'}
# - name: parallax
#   unit: mas
#   datatype: float64
#   description: Parallax
#   meta: !!omap
#   - {ucd: pos.parallax.trig}
# - name: parallax_error
#   unit: mas
#   datatype: float32
#   description: Standard error of parallax
#   meta: !!omap
#   - {ucd: stat.error;pos.parallax.trig}
# - name: radial_velocity
#   unit: km / s
#   datatype: float32
#   description: Radial velocity
#   meta: !!omap
#   - {ucd: spect.dopplerVeloc.opt;em.opt.I}
#   - {utype: 'stc:AstroCoords.Velocity3D.Value3.C3'}
# - name: radial_velocity_error
#   unit: km / s
#   datatype: float32
#   description: Radial velocity error
#   meta: !!omap
#   - {ucd: stat.error;spect.dopplerVeloc.opt;em.opt.I}
#   - {utype: 'stc:AstroCoords.Velocity3D.Error3.C3'}
# - name: ra_dec_corr
#   datatype: float32
#   description: Correlation between right ascension and declination
#   meta: !!omap
#   - {ucd: stat.correlation}
# - name: ra_parallax_corr
[...]
# - {CAPTION: 'How to cite and acknowledge Gaia: https://gea.esac.esa.int/archive/documentation/credits.html'}
# - {CITATION: 'How to cite and acknowledge Gaia: https://gea.esac.esa.int/archive/documentation/credits.html'}
# - {JOBID: 1741611384894O}
# - {JOBNAME: HMXB_pm_errs}
# - {RELEASE: Gaia DR3}
# schema: astropy-2.0
source_id ra ra_error dec dec_error pmra pmra_error pmdec pmdec_error l b parallax parallax_error radial_velocity radial_velocity_error ra_dec_corr ra_parallax_corr ra_pmra_corr ra_pmdec_corr dec_parallax_corr dec_pmra_corr dec_pmdec_corr parallax_pmra_corr parallax_pmdec_corr pmra_pmdec_corr l_err b_err pm_l_err pm_b_err
[from data line 78]
5334851450481641088 176.86894042633617 0.0075419685 -61.953719225831875 0.008998829 -6.225580251990721 0.010414293 2.361537685037365 0.011920752 295.48972809721556 -0.00970401441105653 0.12669559944899778 0.010234012 "" "" 0.117364995 0.057951134 -0.04476082 0.12426306 0.07310924 0.14257772 0.07597419 0.05996224 0.009299512 0.19392025 0.0075820674361436 0.004197551150900865 0.01055736304123292 0.005425397803515839
5335021664274920576 176.00117181802423 0.023631783 -61.126795789105415 0.023798974 -6.130315247346068 0.030184122 1.1461885127380793 0.029255215 294.8814099586126 0.6865272933094553 0.060132182238807716 0.030839093 "" "" -0.03800579 -0.23020469 -0.16531713 0.08055081 0.05443921 0.12988146 -0.102522925 0.2018051 0.13170639 0.040959835 0.02322508172987265 0.012215822544446354 0.02993792474020616 0.01467860792605721
5336957010898124160 170.23817252151974 0.008774158 -61.91670671055608 0.009544741 -5.421032061547652 0.012438164 1.3700031073878873 0.011767985 292.49852714674694 -0.8918067117070271 0.32925822598102933 0.011463728 "" "" 0.108699165 -0.0068961866 0.033571623 0.12390539 0.22998957 0.17622083 0.15125236 0.20640357 0.17581962 0.09363341 0.008873881820302335 0.004384159891127406 0.012475622563038472 0.005540866955841334
5337498593446516480 170.3128552789008 0.0116339 -60.62377582639316 0.011172204 -3.1209129957983794 0.01547511 2.330598792606723 0.014011557 292.0903279139249 0.335524560942848 0.13871924869678548 0.013698278 "" "" 0.07404169 -0.08278744 -0.22774291 0.12591034 0.1793152 0.163102 -0.101718746 0.16699661 -0.009736919 0.13937996 0.011650475564798948 0.005487399174106456 0.015613735577378569 0.006756335279582324
5337747731560719616 166.80799982116994 0.023083717 -59.873098173924156 0.022529118 -6.7477737898981545 0.030055417 1.6925460968331725 0.026946513 290.1972529576185 0.39692810345244367 0.3109803269843485 0.028121255 "" "" 0.079572186 -0.09980674 -0.14390405 0.093092114 0.2024479 0.1571047 -0.034731776 0.18241248 0.13324888 0.23729415 0.02324071222904828 0.011036332199566087 0.030936866652571695 0.012465519698288643
5339047221168787712 170.44505383091672 0.009735329 -59.863312990570876 0.0107302265 -5.147241767253173 0.012345709 2.7268984561761798 0.012649059 291.89319671567364 1.0729211412351414 0.12325602732129044 0.012327695 -0.19622527 3.0971024 0.09983432 -0.09460561 -0.19640379 0.07568674 0.07464308 0.09174151 -0.18030246 -0.010519924 0.04755167 0.16306758 0.009856641415017263 0.005243183590342712 0.012585735930380728 0.006079362502992895
5352018121173519488 159.39709263439522 0.0146145085 -56.79883928571816 0.014147088 -6.305023559868493 0.020627473 3.010388342465066 0.017781056 285.35268291005445 1.4334820988232282 0.17114291438872625 0.016216172 "" "" 0.13960686 -0.19669534 0.065766826 0.3389964 0.24286242 0.3691122 0.00020301378 0.10729819 -0.041544054 0.3349857 0.01504039590058482 0.006982749010908312 0.02187290441368659 0.00810499919359909
5489434710755238400 116.84823636345111 0.019268481 -53.33241280861758 0.019994378 -4.572287408504343 0.026735246 8.529878580408521 0.027567392 266.31257503013796 -13.725848442105406 1.535976400998095 0.021055767 "" "" 0.07232948 0.05722352 -0.058761418 0.10216009 0.16817445 0.14648966 -0.14865458 0.22803462 -0.12209457 -0.05856257 0.02003666785400631 0.005549196414282697 0.02614425950533621 0.00790347944073274
5522306019626566528 130.19908438921945 0.014169507 -45.05837165994448 0.014210079 -7.464653413182444 0.0196477 6.099610861089923 0.019253623 264.04051237077897 -1.9501445659540533 0.4429759908963025 0.01678688 "" "" 0.042720985 -0.0424138 -0.16055828 -0.024891157 0.20812327 -0.016500773 -0.05646154 0.05087998 -0.03026315 0.037278708 0.014380216476984226 0.0065471476257902995 0.019745401808179894 0.008917377721654119
5523448274762133632 128.97912882722233 0.171102 -43.18817694763869 0.20810565 -3.2351680552501723 0.21527673 3.755222188875436 0.26560774 262.0214486478775 -1.5126596233097207 1.1050151125315832 0.21692209 "" "" 0.038309205 0.0768044 -0.071062446 0.037629854 0.14962949 0.03831471 -0.35189694 0.050422717 -0.0021640847 0.08351783 0.18675476248612258 0.09525981958546713 0.24153028251137312 0.11969568043681117
5541793213959987968 126.55687950869762 0.006468712 -37.61995049188073 0.008861868 -2.366630185963856 0.009066156 3.176985708597615 0.012535782 256.43820623625 0.2851841027796363 0.17771276386803697 0.009650821 "" "" 0.15179 0.049555603 -0.05709954 0.0431783 0.08870016 0.04442488 -0.1674373 0.013806959 0.14301746 0.094464585 0.008018723040520526 0.0040785322957177265 0.011017938426725845 0.005870009723724282
5548261400354128768 123.11814876922769 0.007459855 -31.247806699969043 0.009957176 -1.4554830142325375 0.011349086 2.1457195379781027 0.015747113 249.5781999270527 1.5428153761569166 0.1183688553388317 0.012262127 "" "" 0.17131422 0.005158467 -0.04392968 0.036110274 0.0021797242 0.031852204 -0.08741782 0.19805184 0.07931104 0.19181918 0.00933243453036526 0.004684220047518893 0.014682905094596748 0.007340714088462222
5597252305589385984 118.9270218136784 0.008715487 -29.56485835566189 0.011557717 -2.6535157466287824 0.01131053 2.8924892487229927 0.01453928 246.22557061032848 -0.6151217581350775 0.2853833665183818 0.013910516 "" "" 0.21923944 0.0699403 -0.08496422 -0.010641971 0.10114717 0.011993216 -0.24006365 0.06808202 -0.05291711 0.1419682 0.011112770642383122 0.005108313527868985 0.013700153291300084 0.006599971946089184
5613494119551805184 112.2232407535484 0.009049844 -26.108019042809907 0.013213437 -0.8809603649723696 0.012074854 1.7852555092114903 0.018278498 240.28158025228282 -4.050429451500062 0.09575911638808286 0.017103935 "" "" 0.089026004 0.024880847 -0.122893885 -0.047034323 0.20925649 -0.022934208 -0.040194415 0.14611845 0.17209588 -0.0072177397 0.011910843967407837 0.005657821249313955 0.015799768287229815 0.007978534154450049
5620657678322625920 135.5285587975077 0.010860206 -40.55465296117549 0.012674867 -4.822178071668092 0.014743776 9.281733055172943 0.016233241 263.0582466143229 3.9298644181968547 0.49623999190934365 0.015160984 "" "" 0.15847942 -0.060171325 -0.22605935 -0.08305151 0.19766161 -0.07302873 -0.25613657 0.05834238 -0.044784635 0.17038281 0.01227009258141149 0.006466321857845867 0.016352685926486962 0.008290336422234337
5837600152935767680 189.81024184279624 0.022242656 -75.37063019320797 0.025701178 -27.34027789422274 0.03373579 -8.934340817354846 0.039839108 302.1433834138259 -12.517557655267781 4.77404346153494 0.027307842 "" "" 0.10845519 0.0009987262 -0.20024998 0.1082237 0.2335521 0.16667596 0.3051132 0.12393293 0.24397224 0.21165541 0.02175019180398013 0.007597482456871869 0.033040385087630915 0.011040073821832665
5854175187680510336 215.3014007027238 0.044552036 -62.698879401723076 0.07053145 -6.425947989496359 0.057244178 -4.332038707619241 0.09649991 313.0200507368387 -1.5986266459253018 -0.02201005154412218 0.10595281 "" "" 0.4945392 -0.07116913 -0.21520194 -0.016352005 0.04516138 0.026081474 -0.08521486 -0.07520733 -0.11534334 0.77826947 0.03776278024972811 0.027091373974209375 0.043263897529123185 0.03329890111782471
5862285700835092352 195.49460523930014 0.059946265 -63.96912167623403 0.06522805 -6.287527903127519 0.076258466 -0.5842041216372096 0.0920886 304.08825128367016 -1.1210396150921411 0.07560265052473944 0.0842075 "" "" 0.14664344 -0.027961912 -0.24806651 0.028993892 -0.059182875 0.02359279 -0.15131782 0.13680917 0.09877359 0.19611175 0.05814783923269575 0.029353199229886485 0.07386796521098907 0.04027456811306415
5862299960127967488 195.69848851536304 0.008934321 -63.83573123376698 0.009974834 -7.092820662863646 0.011759594 -0.34195092640087815 0.014234628 304.18354481654586 -0.9915822428813386 0.44344477764993895 0.013309076 "" "" 0.20103335 0.0747603 -0.1908708 0.024290344 -0.027285304 0.04174406 0.017287796 0.100835405 0.100893386 0.35788855 0.00865145897385309 0.004398498083974553 0.011339757475324385 0.005856296369418472
5862928537183584768 191.0157861157054 0.015005238 -63.375599072405734 0.017929679 -6.357054767364532 0.019444756 -0.2978005899292986 0.025250511 302.1057677991692 -0.5156795553002121 0.12335544015674202 0.022185102 "" "" 0.1649587 -0.071416765 -0.033890296 0.13746232 0.06600932 0.15392447 0.1417312 0.1279312 0.057851687 0.27121937 0.014689034978483293 0.008093527645147496 0.019073976841976394 0.010916428839115519
5863533199843070208 195.3211964950643 0.008986629 -61.601844813228226 0.010867294 -4.340692264055244 0.012104981 -0.236113209203886 0.015209818 304.10270102486777 1.247518814190948 0.5395135891716509 0.014079693 "" "" 0.2530873 -0.061094586 -0.21022312 0.0079173995 -0.035662398 0.033770356 -0.023434358 0.039974816 0.055137783 0.38718262 0.00869285979741538 0.005016631124220794 0.011669509431108503 0.006678733931715893
5864664975280537728 206.63566597037007 0.016893605 -62.923386961743525 0.019583695 -4.748743831187859 0.021524154 -2.2605365882845696 0.023262644 309.15505830063836 -0.7193551134314897 0.6054838801046949 0.028642012 "" "" 0.30943906 0.061778832 -0.1729814 0.015210291 0.047591336 0.025331851 -0.11626905 0.107183516 0.2567117 0.43085623 0.01570546211804332 0.008313067882988539 0.019760966766959688 0.009339439624410655
5878377736381364608 218.28465330128793 0.06372292 -61.26107376019224 0.085314505 -7.246886900314591 0.10686461 -3.983080511175255 0.13409805 314.8462828689717 -0.7642267023265309 0.41530307188623306 0.115804724 "" "" 0.016791025 0.0010774902 -0.40397835 0.075095266 0.07004788 0.09755304 -0.11559172 -0.11405456 -0.17379642 0.10243596 0.061228095183258495 0.0398296262769777 0.10022019552159982 0.06126093550687514
5882543824607819776 236.02135471814512 0.23264913 -56.76187017074616 0.21859543 -4.167843287744988 0.3054323 -2.6135336595940055 0.28812435 324.9605894142377 -1.4644638526861036 -0.3558469877940469 0.3054493 "" "" -0.49704358 -0.19139332 -0.2248695 0.058292966 0.10399507 0.07392759 -0.116090484 -0.18133828 0.037239406 -0.3312691 0.24595864225074446 0.12658332150716173 0.3098549703483877 0.15846852296398206
5883218164517055488 230.1701764075732 0.10015207 -57.166742166539116 0.100981474 -5.549152942694518 0.13267566 -4.07252990135312 0.15664493 322.1184786573702 0.03771540102283994 -0.2599981143064274 0.13540778 "" "" -0.23494844 -0.11780934 -0.046013698 -0.2131651 0.07047363 -0.19556989 0.29139164 -0.1347787 -0.0030582875 -0.20600832 0.10002442475893891 0.05428601250001352 0.13484835848140736 0.08109419039270473
5884544931471259136 238.59067450082784 0.012693593 -55.32898953059539 0.010471327 -3.1236747705391017 0.019842379 -3.2225953484639502 0.015759258 326.97622424510917 -1.2387208767966702 0.7315774313408016 0.017946968 "" "" -0.35355538 -0.04566579 -0.15853807 -0.31431887 0.25968933 -0.26946786 0.13181171 -0.09127916 0.041190047 -0.14795215 0.012628828817055324 0.006055725529356699 0.018572051166453326 0.008562039558140328
5886085557746480000 235.59729827776863 0.010904525 -52.38601199162066 0.009432026 -6.710645355390543 0.014753926 -4.110864296804368 0.013893897 327.4196587377088 2.1637003432777564 0.12795944829063383 0.015252326 "" "" -0.17572848 -0.04612826 -0.25696263 -0.11647348 0.12385323 -0.098496296 0.22294755 -0.12408158 -0.024562368 -0.116895035 0.010407343659336335 0.005291588212003557 0.014024931650482004 0.007536915058524967
5933976985766949376 246.65214511693458 0.030918632 -51.94184815729851 0.02216208 -2.8563373848377083 0.040688593 -3.332145349614718 0.031517975 332.7809871369111 -2.0027078877075377 0.050120353494249176 0.038363397 "" "" -0.13528575 -0.19790882 -0.08851215 -0.22237346 0.019701902 -0.21963005 0.074042216 0.052315015 -0.010229407 -0.16474822 0.027676268642075872 0.012370623551165645 0.03728660997630984 0.017342245052350186
5934776158877214848 245.19273371546788 0.037520196 -51.501706020142436 0.026348773 -4.882473484444853 0.053891398 -6.022015388741489 0.040390864 332.45890500811436 -1.0501486044356771 -0.010569136880923879 0.046343684 38.790638 4.938201 -0.21538107 0.06289782 -0.31584737 -0.24067768 -0.04525159 -0.17762426 -0.094573714 -0.15249263 0.20221342 0.028878873 0.03434801387079369 0.015357434126234604 0.04605021302578376 0.020807394891613876
5935509395659726592 244.8840954475876 0.042187918 -49.741826170029775 0.025050579 -0.18399109215839704 0.061670695 -0.5449229720233741 0.043932315 333.5570067316641 0.3390169216079117 0.35882505488809213 0.05053074 "" "" -0.28327066 -0.022497544 -0.22572331 -0.33751148 0.1289637 -0.25955135 -0.14179096 -0.054835256 0.0063139875 -0.04337379 0.03802266459470908 0.01594211417066513 0.05326975805945511 0.02396695627669663
5940285090075838848 249.3055346035613 0.39509785 -50.72612789595593 0.28241113 0.6277619355737372 0.55667096 -4.122424253903569 0.38987854 334.8023923852234 -2.383834775954468 1.6914701245789092 0.54304796 "" "" -0.008741253 -0.09458166 0.062735684 -0.27973467 0.23925188 -0.2687121 -0.051579434 0.08672855 -0.047947418 0.1765848 0.33455320797624905 0.14929415501661147 0.4375961775175921 0.18840390482520233
5940576971716473344 248.16638484576487 0.041116662 -49.70382899144433 0.026625697 -4.769279217690786 0.05356946 -6.12018935660893 0.037084665 335.06347356705464 -1.1557122758724598 -0.07756767678732146 0.050241254 "" "" 0.014866317 -0.17208374 -0.33734977 -0.38979128 0.06841526 -0.3426293 -0.098642476 -0.08058678 0.039360136 0.17397219 0.03396333665241648 0.014469946805162151 0.04200308277765189 0.018162502765671964
5940777877435137024 247.95125817288326 0.13132824 -48.81687706740887 0.0885178 -4.366133479593785 0.1887052 -5.774239370792024 0.13030249 335.6159688973277 -0.44775360639278583 -0.21289890902543765 0.178002 "" "" -0.103691585 -0.1521887 -0.1387583 -0.29415968 0.07020253 -0.27116653 -0.11642668 0.062310692 0.14764221 0.21150284 0.11318232484711209 0.05017273988559774 0.14482531802203508 0.06289324399539153
5943166184173519744 250.46160612338068 1.3305343 -45.540403360519775 0.65422994 -8.551346793903136 1.7982253 -5.318919221188635 1.1888338 339.18890175141337 0.4889589642760968 0.9562030181651716 1.0759587 "" "" 0.54190767 0.38584852 -0.6014664 -0.45734248 0.36399046 -0.42295682 -0.5644666 -0.23694688 -0.42583218 0.5114079 0.8315221974352842 0.27029972538956476 1.1228633414018965 0.47654864541538555
5943246345430928512 251.64690161252628 0.015588409 -45.11796081034128 0.010345971 -1.7593910230172454 0.021738498 -3.0641449978293434 0.016207684 340.0535299011336 0.13502926660407388 0.29609864232667726 0.01728741 "" "" -0.027130386 -0.08469321 -0.37677783 -0.17630729 -0.11909242 -0.1568684 -0.42103615 0.07183254 -0.005983385 -0.015110838 0.012603948841139679 0.00570864159839769 0.01795040609226721 0.008615307038623706
5966213219190201856 255.105188622121 0.020666698 -42.31675095154189 0.014143427 1.1808321110237392 0.02952356 -1.4697065617940481 0.023353279 343.8034017764549 -0.029940309902722347 0.6405461879152953 0.022926293 "" "" -0.08981059 -0.107727595 -0.48364988 0.044256568 0.13710666 0.13220198 -0.7238602 -0.022902515 -0.14882112 -0.29658973 0.016749576802202435 0.007943268692742478 0.02714711740341674 0.013584075861946699
5976382915813535232 255.9865659301791 0.021049444 -37.8441202722809 0.012138224 2.4137032635492046 0.02806476 5.021949969731823 0.021347089 347.75444710988126 2.173492429913019 0.6327358617075665 0.025948899 "" "" -0.056546748 -0.23977716 -0.011471933 -0.21981837 -0.03203642 -0.059553023 -0.44708854 0.008246851 0.268354 -0.20888817 0.015476749868062746 0.006993492825535058 0.0240715261860172 0.012151228689122667
5980409632300781056 260.0246347466105 0.14206049 -31.283210647628042 0.09625773 -4.450374129916061 0.16434164 -4.677040280971733 0.11456925 355.0221182281025 3.3474131126407536 -0.05451144161879737 0.16020228 "" "" 0.36030382 -0.43527594 -0.033441618 -0.31471792 -0.4527054 -0.07998606 -0.37255093 -0.20332086 0.30824077 0.043647774 0.08007867102657884 0.04395180256429546 0.11465746876973713 0.059970603543449234
