DATA/HMXB_20250219_.ecsv
# %ECSV 1.0
# ---
# datatype:
# - name: source_id
#   datatype: int64
#   description: Unique source identifier (unique within a particular Data Release)
#   meta: !!omap
#   - {ucd: meta.id}
# - name: ra
#   unit: deg
#   datatype: float64
#   description: Right ascension
#   meta: !!omap
#   - {ucd: pos.eq.ra;meta.main}
#   - {utype: 'stc:AstroCoords.Position3D.Value3.C1'}
#   - {CoosysSystem: ICRS}
#   - {CoosysEpoch: J2016.0}
# - name: ra_error
#   unit: mas
#   datatype: float32
#   description: Standard error of right ascension
#   meta: !!omap
#   - {ucd: stat.error;pos.eq.ra}
#   - {utype: 'stc:AstroCoords.Position3D.Error3.C1'}
# - name: dec
#   unit: deg
#   datatype: float64
#   description: Declination
#   meta: !!omap
#   - {ucd: pos.eq.dec;meta.main}
#   - {utype: 'stc:AstroCoords.Position3D.Value3.C2'}
#   - {CoosysSystem: ICRS}
#   - {CoosysEpoch: J2016.0}
# - name: dec_error
#   unit: mas
#   datatype: float32
#   description: Standard error of declination
#   meta: !!omap
#   - {ucd: stat.error;pos.eq.dec}
#   - {utype: 'stc:AstroCoords.Position3D.Error3.C2'}
# - name: pmra
#   unit: mas / yr
#   datatype: float64
#   description: Proper motion in right ascension direction
#   meta: !!omap
#   - {ucd: pos.pm;pos.eq.ra}
#   - {utype: 'stc:AstroCoords.Velocity3D.Value3.C1'}
# - name: pmra_error
#   unit: mas / yr
#   datatype: float32
#   description: Standard error of proper motion in right ascension direction
#   meta: !!omap
#   - {ucd: stat.error;pos.pm;pos.eq.ra}
#   - {utype: 'stc:AstroCoords.Velocity3D.Error3.C1'}
# - name: pmdec
#   unit: mas / yr
#   datatype: float64
#   description: Proper motion in declination direction
#   meta: !!omap
#   - {ucd: pos.pm;pos.eq.dec}
#   - {utype: 'stc:AstroCoords.Velocity3D.Value3.C2'}
# - name: pmdec_error
#   unit: mas / yr
#   datatype: float32
#   description: Standard error of proper motion in declination direction
#   meta: !!omap
#   - {ucd: stat.error;pos.pm;pos.eq.dec}
#   - {utype: 'stc:AstroCoords.Velocity3D.Error3.C2'}
# - name: parallax
#   unit: mas
#   datatype: float64
#   description: Parallax
#   meta: !!omap
#   - {ucd: pos.parallax.trig}
# - name: parallax_error
#   unit: mas
#   datatype: float32
#   description: Standard error of parallax
#   meta: !!omap
#   - {ucd: stat.error;pos.parallax.trig}
# - name: radial_velocity
#   unit: km / s
#   datatype: float32
#   description: Radial velocity
#   meta: !!omap
#   - {ucd: spect.dopplerVeloc.opt;em.opt.I}
#   - {utype: 'stc:AstroCoords.Velocity3D.Value3.C3'}
# - name: radial_velocity_error
#   unit: km / s
#   datatype: float32
#   description: Radial velocity error
#   meta: !!omap
#   - {ucd: stat.error;spect.dopplerVeloc.opt;em.opt.I}
#   - {utype: 'stc:AstroCoords.Velocity3D.Error3.C3'}
# - name: phot_g_mean_mag
#   unit: mag
#   datatype: float32
#   description: G-band mean magnitude
#   meta: !!omap
#   - {ucd: phot.mag;em.opt}
# - name: l
#   unit: deg
#   datatype: float64
#   description: Galactic longitude
#   meta: !!omap
#   - {ucd: pos.galactic.lon}
#   - {utype: 'stc:AstroCoords.Position2D.Value2.C1'}
# - name: b
#   unit: deg
#   datatype: float64
#   description: Galactic latitude
#   meta: !!omap
#   - {ucd: pos.galactic.lat}
#   - {utype: 'stc:AstroCoords.Position2D.Value2.C2'}
# - name: phot_bp_mean_mag
#   unit: mag
[...]
# - {JOBID: 1729071608168O}
# - {JOBNAME: HMXB_with_Color}
# - {RELEASE: Gaia DR3}
# schema: astropy-2.0
source_id ra ra_error dec dec_error pmra pmra_error pmdec pmdec_error parallax parallax_error radial_velocity radial_velocity_error phot_g_mean_mag l b phot_bp_mean_mag phot_rp_mean_mag bp_rp Name Mx Mx_err Mo Mo_err RV RV_err Period Period_err Spin_period Spin_period_err distance pm_l_poleski pm_b_poleski "galactic distance" "circular velocity" "LSR velocity" mu_l_sol mu_b_sol RV_r_sol mu_l_rot mu_b_rot RV_rot "Peculiar Velocity" "Peculiar Radial Velocity" peculiar_mu_l peculiar_mu_b dist_err SpType Mod_SpType SpColor
168450545792009600 58.84615062234396 0.029553613 31.045836091857545 0.020791648 -1.282117252826291 0.053073816 -1.8690907560201113 0.030308086 1.627402622661778 0.03745641 nan nan 6.261697 163.0813533466715 -17.136203125538678 6.4398537 5.93006 0.50979376 "X Per" "" "" 15.5 "" 1.0 0.9 250.3 0.6 837.6712 0.0003 0.6144760897364175 0.3095889769659371 -2.245323934218814 9.063394189676286 223.81506681128036 57.77572175230654 5.54632682187915 -1.8486200400580908 8.331080353841104 -0.4202484622115612 -0.4025983375739546 -4.055166533927454 14.02859774983416 -3.27591381991365 -4.8164893827016515 0.0058944434132315315 0.014142822981115537 B0Ve xkcd:purple xkcd:green
184497471323752064 80.64680481184236 0.025397874 37.6759929364201 0.019576473 1.3049449567151956 0.040826127 -3.9994793622028038 0.028048873 0.7213697567669315 0.030094078 nan nan 7.231733 170.05338802722687 0.7103172589013076 7.376429 6.921238 0.45519114 "EXO 051910+3737.7" "" "" 17.5 "" -20.5 4.4 "" "" "" "" 1.3862516284046154 4.038422032220199 -1.1789249333274139 9.868215163177801 224.56128708057972 33.03724050675546 2.322547203858686 -1.1721755380409382 8.193677748526671 -0.1306188566067849 0.009940439865081115 -6.116369482361487 12.133496727382866 -22.577308266165183 1.8464936849682976 -0.01668983515155678 0.05783159604211228 "B0 IVpe" xkcd:purple xkcd:green
252878401557369088 70.24720739300419 0.011905987 44.53034418647852 0.008385959 0.10064623612212906 0.016362276 -1.186127754569379 0.013658521 0.378823380551682 0.015042702 nan nan 10.403856 159.8470955000755 -1.2700235829277626 10.832097 9.790907 1.0411901 "RX J0440.9+4431" "" "" 17.5 "" "" "" 150.0 "" 202.5 0.5 2.639752590095405 0.9593255549561471 -0.7047859211231655 11.015119773159219 225.5294017486117 59.20502188807201 1.3177498233849931 -0.597587187998077 5.620332737130843 -0.4438073449784902 -0.030656812265844154 -22.422217942421742 1.434785114595448 "" 0.08538307654964422 -0.07654192085924438 0.10482196429390027 B0e xkcd:green xkcd:green
276644757710014976 64.92556123476727 0.012604313 55.999360679043434 0.008108321 -0.4735607216045463 0.018276569 -0.5096656032780096 0.013492867 0.2100882458297216 0.014864282 nan nan 10.766115 149.17651611413766 4.133059262254314 11.439369 9.855047 1.584322 "XTE J0421+560" "" "" "" "" -51.0 2.0 19.41 0.02 "" "" 4.759904563202022 0.02670675915560328 -0.6952017931699837 12.810032757999913 226.8654620531654 75.83556855602039 0.7629157021820535 -0.3433404950633777 1.7521777685708044 -0.7985036619761263 0.12115839202699431 -57.010939544256345 10.764396229063566 4.2587617756855405 0.06229471894967609 -0.47301969013360023 0.3367754452749184 B1/2I[e] xkcd:green xkcd:green
414196617287885312 18.996040698840275 0.010982572 59.15394486765568 0.012779636 -2.4625832668630094 0.014893881 -0.546486466252775 0.016773285 0.3391933399322079 0.01803902 nan nan 11.412056 126.08000772759438 -3.5676859152271287 11.667166 10.951165 0.71600056 "EM* AS   14" "" "" "" "" "" "" "" "" "" "" 2.9481710938070385 -2.3920245855272095 -0.800738525527853 10.505550935625854 225.1118353299879 145.18545631063174 1.197749379234627 -0.5634229362770962 -4.149277022000289 -2.644620505556004 -0.1511493220972492 -41.87080894489782 13.262661170839669 "" -0.9451534592058328 -0.08616626715350759 0.15678997907752415 "B1-2 III/Ve" xkcd:green xkcd:green
426558460884582016 14.177450998208093 1.8335997 60.71672280471204 2.3911946 nan nan nan nan nan nan nan nan 2.0645833 123.57698659515256 -2.1484240190698634 2.7258432 2.3151085 0.41073465 "gam Cas" "" "" 13.0 0.0 -0.018 0.075 203.371 0.089 "" "" nan nan nan nan nan nan nan nan -5.069058694788397 nan nan nan nan nan nan nan nan B0.5IVpe xkcd:purple xkcd:green
427234969757165952 9.290132580203235 0.008413794 61.36013319063004 0.009818237 -1.7956235405295953 0.010947091 -0.5251300483100196 0.013608978 0.27189066538368456 0.012059882 nan nan 9.454656 121.22141620023214 -1.4641898756122689 9.768971 8.949126 0.8198452 "IGR J00370+6122" "" "" 22.0 "" -80.0 3.0 15.6649 0.0014 674.0 "" 3.677948996847052 -1.8178140519374264 -0.4422414945716403 10.870491734584071 225.41280416340064 148.84601654902679 0.934142743735759 -0.4446418257894607 -5.836009540939745 -2.8427897106767976 -0.06013234426507411 -52.45092153159606 1.922506718205155 -21.713068927464196 0.09083291500361224 0.06253267548289451 0.16313775201894146 "BN0.5II-III / BN0.7Ib" xkcd:red xkcd:red
444752973131169664 53.749629724978455 0.013929484 53.17313997828423 0.012730369 -0.26805266659388 0.019742586 0.4401283844933388 0.019827945 0.13434727271763658 0.020151323 nan nan 14.200214 146.05208942276994 -2.1940257086354467 15.475269 13.086571 2.3886986 "V 0332+53" "" "" 18.8 "" "" "" 36.5 0.29 4.4 "" 7.4433963546230135 -0.4757472370713855 0.19806512394601175 15.246797070152677 228.41658713708378 69.86204140982059 0.490706563956873 -0.21377081081802612 1.65427792924791 -0.7535385861904507 -0.05899033651392215 -97.44479055659488 18.231124932309566 "" -0.21291521483780784 0.47082627127796006 1.11646689171978 O8-9Ve "xkcd:dark blue" xkcd:blue
465628193526364416 40.91843191991435 0.0067567313 61.434377668355616 0.008564885 -0.7289798897496916 0.010312551 0.13432816094165279 0.011728739 0.18150880543038156 0.011328216 nan nan 12.386541 135.93415668064728 1.4287879422071408 13.053085 11.576575 1.47651 "Swift J0243.6+6124" "" "" "" "" "" "" 28.3 0.2 9.8661 0.0003 5.509374587248629 -0.7167206082424593 -0.18912245821688806 13.033092972257004 227.01875464430518 101.44777357619816 0.6618328532770354 -0.28931468482332157 -1.8873208171996785 -1.4551194295251804 0.05081322952339959 -81.57382535597948 2.379228998306617 "" 0.0765659680056856 0.04937899708303392 0.3438476916206344 O9.5Ve "xkcd:dark blue" xkcd:blue
465645515129855872 40.131931264833995 0.007332206 61.22933050838676 0.009209115 -0.42343174759612834 0.011322314 -0.2555250178055092 0.011918911 0.37764990611808313 0.012974979 nan nan 10.402225 135.6752737697255 1.0861251738760371 10.956625 9.673551 1.2830744 "LS I+61 303" "" "" 12.5 "" -41.41 0.6 26.496 0.0028 "" "" 2.647955113451878 -0.279058609498088 -0.4083059784791434 10.55731349418469 225.15512988222542 125.14148357300378 1.3763937827588224 -0.6027230250842298 -1.9201631580140313 -1.9523294515554024 0.045239492513842156 -37.199054779688154 4.1701693455948226 -2.290782062297811 0.29687705929849195 0.14917755409124425 0.09097622527073537 B0Ve xkcd:purple xkcd:green
511220031584305536 26.750875487648646 0.011500537 61.356572911514526 0.013774355 -1.029427556881088 0.01621835 -0.08166309914192828 0.016919507 0.32796283875254345 0.021653285 nan nan 11.215371 129.54110404226162 -0.8001119868579849 11.629826 10.599628 1.0301971 "RX J0146.9+6121" "" "" 9.6 "" "" "" 330.0 "" 1407.4 3.0 3.0491259430600497 -0.9855121261320304 -0.30847334710531277 10.702430954822386 225.27542868600665 136.3058652913444 1.175325068529664 -0.5292864333891744 -3.5057845056108183 -2.3422924600071307 -0.033732762415593746 -43.955451469012075 4.5179825629905 "" 0.18145526534543643 0.25454584869945535 0.2013142527354372 B1III-Ve xkcd:green xkcd:green
518990967445248256 29.577032913394262 0.008842416 67.22318460660581 0.010229338 -1.1979575137021086 0.010899313 0.3002206665717444 0.013282542 0.1332721013963377 0.013151252 nan nan 13.687518 129.3522357669255 5.1887233924182254 14.563635 12.747923 1.815712 "IGR J01583+6713" "" "" 12.5 "" "" "" "" "" 469.2 "" 7.503445878939821 -1.2346680901134437 -0.02879862024023381 14.44447656647617 227.9339422036374 101.6395225379512 0.4772717290571347 -0.20348214593197522 -4.340525578154056 -1.592444611298579 0.17801902462690478 -118.4843502439982 4.251661782970916 "" -0.1194952078719993 -0.0033354989351633557 0.7404378292195948 B2IVe "xkcd:dark purple" xkcd:green
519352324516039680 23.95771733364349 0.0074431454 66.21202346679833 0.008329693 -1.6256635994947488 0.00863042 -0.02743521083805346 0.011114323 0.1668629279602417 0.01096499 nan nan 12.461553 127.39442158128841 3.7256576059257593 13.468391 11.464951 2.0034409 "IGR J01363+6610" "" "" 12.5 "" "" "" 159.0 2.0 "" "" 5.9929429036404605 -1.5939762607956323 -0.32058463708656854 13.02898880860953 227.01595699116885 115.713542528705 0.5928061091307394 -0.2572658640502055 -4.730887622433924 -1.9239415819148138 0.13897878241703096 -92.93210096257648 9.421796865905847 "" -0.26284078801155797 -0.20229755545339398 0.39381160205970045 B1Ve "xkcd:light purple" xkcd:green
524677469790488960 19.63319348306226 0.010895621 63.74252240557648 0.012050527 -1.6837604152272512 0.013374864 0.5035569322350394 0.016997673 0.13630637395963652 0.016345192 nan nan 14.304468 125.92351442320867 1.0282648921450845 15.436176 13.246359 2.1898174 "4U 0115+634" "" "" 17.5 "" "" "" 24.3174 0.0004 3.614316 5e-06 7.33641407184761 -1.730226018688214 0.3081179062348416 14.114429048573351 227.72788069496804 109.30201136222738 0.48095544705888243 -0.2161015768445379 -4.812514980918908 -1.811672420522221 0.03657127625520521 -117.65697477705451 21.92202237302088 "" -0.3995090452248753 0.48764820682417426 0.8797467884728718 B0.2Ve xkcd:purple xkcd:green
524924310153249920 19.511227046863358 0.0074612005 65.29162260285469 0.00889375 -1.2433985583085483 0.009154735 0.7606173957665759 0.011805355 0.1964171573898191 0.011268352 nan nan 10.520529 125.70997540875491 2.563488419804798 11.247755 9.673886 1.5738688 "2S 0114+650" "" "" 16.0 2.0 -31.0 5.0 11.5983 0.0006 10008.0 36.0 5.091204929798221 -1.3209841517227512 0.6161003720529863 12.189584532266123 226.4251888125325 126.33418646431146 0.6923285413115551 -0.3058317902661893 -5.0743600444446795 -2.19541764484616 0.10021264014131061 -77.46272146969103 20.31110987831015 51.537081514135714 0.1821049518118536 0.821719522177865 0.29207983061034437 B1Iae "xkcd:bright green" xkcd:green
1978365123143522176 323.5848682806499 0.011234178 47.63337917570627 0.0112197 -2.2116582562207454 0.014625879 -2.55791755533225 0.0145529 0.08351192645368731 0.014160462 nan nan 14.0036335 92.17160730696891 -3.1176825605720886 14.302524 13.504069 0.7984543 "IGR J21347+4737" "" "" 12.5 "" "" "" "" "" 322.7 0.6 11.97433758823135 -3.3543140337077446 -0.4277286820609328 14.930264037958537 228.22915506498862 127.50639835342335 0.19922322047741978 -0.14633308299382639 -12.748142588691795 -3.045335155305138 -0.09072710844006238 -166.06468464321208 30.808019979274977 "" -0.5082020988800262 -0.19066849062704405 2.030394415342535 B1--1.5III--V xkcd:black xkcd:red
1979911002134040960 330.4091919702234 0.011207036 50.16795238313883 0.011057302 2.364625293266044 0.014718983 -0.2937024864956449 0.013353956 0.8781947661310571 0.013396814 nan nan 9.304606 97.24776932144769 -4.041208697923339 9.407649 9.073572 0.33407688 "1H 2202+501" "" "" "" "" -16.8 2.5 "" "" "" "" 1.1386995670739004 1.7284177853776819 -1.6402090986570457 8.716439817701456 223.47353491258164 213.5213484311505 2.3028503458441034 -1.5629398824262077 -11.563043701438762 -5.196815291195641 -0.07075834955835932 -5.5433938953491575 24.94903946557588 0.3064375967879194 4.622382730729219 -0.0065108666724786185 0.017370801353402254 B3e xkcd:green xkcd:green
1982359580155628160 340.73874140526055 0.0132412175 44.72172459979292 0.01429974 -3.4776109132211244 0.015737077 -3.1589986974648205 0.016737616 0.485993229298655 0.018474221 nan nan 8.705068 100.17544003164187 -12.398496666587082 8.769057 8.494837 0.27422047 "MWC 656" 5.4 1.6 7.8 2.0 -14.1 2.1 60.37 0.04 "" "" 2.05764183472909 -4.560814871598569 -1.127837816950831 9.073270349345353 223.8246036716704 199.50779631731618 1.3362502881050684 -1.0137386661576555 -9.578644899290467 -4.857621667187679 -0.30118735238881766 -14.263610740065122 10.300828544130495 9.742255639355589 -1.0394434925159581 0.1870882015956422 0.07821781904415968 B1.5-B2III xkcd:red xkcd:red
2005653524280214400 331.98428755192987 0.012050482 54.518432170802825 0.011263556 -4.172517978480273 0.0151939755 -3.316562372366748 0.013615789 0.3050532500378427 0.013605253 nan nan 9.743357 100.60324189142595 -1.1059224650682717 9.880591 9.464358 0.41623306 "4U 2206+543" "" "" 18.0 "" -54.5 1.0 9.558 0.04 392.0 "" 3.2781161973391435 -5.3203649202928 -0.3212621444519147 9.656317528933064 224.37065414537219 191.9846421031606 0.8442434990224462 -0.5031600438166706 -11.231698001733578 -4.494509504130501 -0.032164810790701555 -29.411712486407477 26.16274414531303 -13.856589511858944 -1.6700989151847452 0.21406271015545741 0.14620267017950472 O9.5IIIe "xkcd:bright blue" xkcd:blue
2021785421455305344 295.5465223645784 0.032075334 25.934890350462474 0.04769733 -1.953244017446547 0.042712506 -3.987108346450195 0.058592208 0.019283663596520964 0.060263168 nan nan 17.054539 61.58010557440001 1.3548851543347347 18.785175 15.8083515 2.9768238 "1RXS J194211.9+255552" "" "" "" "" "" "" 166.5 0.5 "" "" 51.85736595096036 -4.428399138706507 -0.3185533335675472 48.37853309750426 238.97542281770822 35.02942981289191 0.012309721192800972 -0.02926528515580618 -17.27593458522321 -1.3106064521009737 0.015342190572350652 -907.5052053098481 773.0265682081879 "" -3.1301024077983346 -0.3046302389840917 162.0588921891883 "" xkcd:black xkcd:grey
2026914849346539008 297.48094936995193 0.012892829 25.566594846422447 0.019209255 -2.3838963550775913 0.01785131 -5.145184250598648 0.027028784 0.11141137992886387 0.026741143 nan nan 13.963173 62.13626690776949 -0.3368577763444705 16.310923 12.576528 3.734395 "IGR J19498+2534" "" "" "" "" "" "" "" "" "" "" 8.975743776250683 -5.637517262640846 -0.6117858430750652 9.027595939661133 223.78041455242928 184.37260409435305 0.07501768723895003 -0.1809901902845501 -17.025860471573704 -5.282536083650411 -0.0015707505311204244 -12.072028201255913 25.848791825446767 "" -0.42999886622938455 -0.4292249022593947 2.1543728373344093 "early BIa" xkcd:red xkcd:grey
2028089540103670144 296.4139748795565 0.017021954 27.365399152475934 0.022254357 -2.4130254444730657 0.023112494 -4.043007630284439 0.028101064 0.02069077540146113 0.029170023 nan nan 15.688565 63.207143530473964 1.3955652936534102 17.111874 14.524066 2.5878077 "XTE J1946+274" "" "" 15.0 0.0 "" "" 172.7 0.6 15.78801 4e-05 48.330716495495984 -4.708307340567436 0.021082717363817907 45.12729700022343 238.32557255587662 38.143158801287136 0.015322142809046127 -0.03135706294592575 -17.18825854449588 -1.3799544126171988 0.016945272952254727 -845.974192375189 766.0376420257808 "" -3.343675070759283 0.035494507357488936 68.13703681146595 B01-IVVe xkcd:purple xkcd:green
2031939548802102656 297.39783883472126 0.008815533 30.20880848740128 0.011791565 -2.26403288923693 0.011820588 -4.08907537104113 0.014689061 0.027654384165323034 0.01372901 nan nan 13.8340435 66.09896538287826 2.083585457599563 14.456717 13.047712 1.4090042 "KS 1947+300" "" "" 17.5 "" "" "" 40.415 0.007 18.7 "" 36.16063167495666 -4.671153313150496 -0.16342900184735476 33.603784923038106 235.59104718656937 52.48459361965926 0.02545903213044798 -0.04074544888304841 -17.07466449539618 -1.7699492577026394 0.03187246637654061 -593.6344616680316 502.3331395286494 "" -2.926663087578305 -0.15455601934084698 17.951933510839638 B0Ve xkcd:purple xkcd:green
2033989790047905024 300.09104899633587 0.014430977 32.18973933161206 0.01737572 -2.850743997098801 0.020210294 -4.300169718523636 0.023098601 0.06746486507910339 0.021092985 nan nan 15.064558 68.98602751827119 1.1341894069944143 16.446447 13.904095 2.5423527 "IGR J20006+3210" "" "" "" "" "" "" "" "" 889.7 4.7 14.82253019890409 -5.158080851424149 0.11136819686971562 14.196091749210199 227.77929350001756 125.28525571703477 0.07408075150879062 -0.1034825141147826 -16.715526090908323 -3.7200864746749893 0.023215381902318248 -137.5962833614172 107.08637018851347 "" -1.5120751282579503 0.19163532908217995 4.634284885807226 "early BV or mid BIII" xkcd:black xkcd:grey
