DATA/HMXB_with_analysis.ecsv
# %ECSV 1.0
# ---
# datatype:
# - name: source_id
#   datatype: int64
#   description: Unique source identifier (unique within a particular Data Release)
#   meta: !!omap
#   - {ucd: meta.id}
# - name: ra
#   unit: deg
#   datatype: float64
#   description: Right ascension
#   meta: !!omap
#   - {ucd: pos.eq.ra;meta.main}
#   - {utype: 'stc:AstroCoords.Position3D.Value3.C1'}
#   - {CoosysSystem: ICRS}
#   - {CoosysEpoch: J2016.0}
# - name: ra_error
#   unit: mas
#   datatype: float32
#   description: Standard error of right ascension
#   meta: !!omap
#   - {ucd: stat.error;pos.eq.ra}
#   - {utype: 'stc:AstroCoords.Position3D.Error3.C1'}
# - name: dec
#   unit: deg
#   datatype: float64
#   description: Declination
#   meta: !!omap
#   - {ucd: pos.eq.dec;meta.main}
#   - {utype: 'stc:AstroCoords.Position3D.Value3.C2'}
#   - {CoosysSystem: ICRS}
#   - {CoosysEpoch: J2016.0}
# - name: dec_error
#   unit: mas
#   datatype: float32
#   description: Standard error of declination
#   meta: !!omap
#   - {ucd: stat.error;pos.eq.dec}
#   - {utype: 'stc:AstroCoords.Position3D.Error3.C2'}
# - name: pmra
#   unit: mas / yr
#   datatype: float64
#   description: Proper motion in right ascension direction
#   meta: !!omap
#   - {ucd: pos.pm;pos.eq.ra}
#   - {utype: 'stc:AstroCoords.Velocity3D.Value3.C1'}
# - name: pmra_error
#   unit: mas / yr
#   datatype: float32
#   description: Standard error of proper motion in right ascension direction
#   meta: !!omap
#   - {ucd: stat.error;pos.pm;pos.eq.ra}
#   - {utype: 'stc:AstroCoords.Velocity3D.Error3.C1'}
# - name: pmdec
#   unit: mas / yr
#   datatype: float64
#   description: Proper motion in declination direction
#   meta: !!omap
#   - {ucd: pos.pm;pos.eq.dec}
#   - {utype: 'stc:AstroCoords.Velocity3D.Value3.C2'}
# - name: pmdec_error
#   unit: mas / yr
#   datatype: float32
#   description: Standard error of proper motion in declination direction
#   meta: !!omap
#   - {ucd: stat.error;pos.pm;pos.eq.dec}
#   - {utype: 'stc:AstroCoords.Velocity3D.Error3.C2'}
# - name: parallax
#   unit: mas
#   datatype: float64
#   description: Parallax
#   meta: !!omap
#   - {ucd: pos.parallax.trig}
# - name: parallax_error
#   unit: mas
#   datatype: float32
#   description: Standard error of parallax
#   meta: !!omap
#   - {ucd: stat.error;pos.parallax.trig}
# - name: radial_velocity
#   unit: km / s
#   datatype: float32
#   description: Radial velocity
#   meta: !!omap
#   - {ucd: spect.dopplerVeloc.opt;em.opt.I}
#   - {utype: 'stc:AstroCoords.Velocity3D.Value3.C3'}
# - name: radial_velocity_error
#   unit: km / s
#   datatype: float32
#   description: Radial velocity error
#   meta: !!omap
#   - {ucd: stat.error;spect.dopplerVeloc.opt;em.opt.I}
#   - {utype: 'stc:AstroCoords.Velocity3D.Error3.C3'}
# - name: phot_g_mean_mag
#   unit: mag
#   datatype: float32
#   description: G-band mean magnitude
#   meta: !!omap
#   - {ucd: phot.mag;em.opt}
# - name: l
#   unit: deg
#   datatype: float64
#   description: Galactic longitude
#   meta: !!omap
#   - {ucd: pos.galactic.lon}
#   - {utype: 'stc:AstroCoords.Position2D.Value2.C1'}
# - name: b
#   unit: deg
#   datatype: float64
#   description: Galactic latitude
#   meta: !!omap
#   - {ucd: pos.galactic.lat}
#   - {utype: 'stc:AstroCoords.Position2D.Value2.C2'}
# - name: phot_bp_mean_mag
#   unit: mag
[...]
# - {JOBID: 1729071608168O}
# - {JOBNAME: HMXB_with_Color}
# - {RELEASE: Gaia DR3}
# schema: astropy-2.0
source_id ra ra_error dec dec_error pmra pmra_error pmdec pmdec_error parallax parallax_error radial_velocity radial_velocity_error phot_g_mean_mag l b phot_bp_mean_mag phot_rp_mean_mag bp_rp Name Mx Mx_err Mo Mo_err RV RV_err Period Period_err Spin_period Spin_period_err
[from data line 104]
5886085557746480000 235.59729827776863 0.010904525 -52.38601199162066 0.009432026 -6.710645355390543 0.014753926 -4.110864296804368 0.013893897 0.12795944829063383 0.015252326 nan nan 13.16374 327.4196587377088 2.1637003432777564 14.553851 12.017059 2.5367918 "4U 1538-522" 1.18 0.29 20.0 "" -158.0 11.0 3.72831 2e-05 526.42 0.07
5933976985766949376 246.65214511693458 0.030918632 -51.94184815729851 0.02216208 -2.8563373848377083 0.040688593 -3.332145349614718 0.031517975 0.050120353494249176 0.038363397 nan nan 15.729032 332.7809871369111 -2.0027078877075377 16.68086 14.752704 1.9281569 "" "" "" "" "" "" "" "" "" "" ""
5934776158877214848 245.19273371546788 0.037520196 -51.501706020142436 0.026348773 -4.882473484444853 0.053891398 -6.022015388741489 0.040390864 -0.010569136880923879 0.046343684 38.790638 4.938201 14.783707 332.45890500811436 -1.0501486044356771 17.447535 13.340123 4.1074114 "IGR J16207-5129" "" "" "" "" "" "" 9.726 "" "" ""
5935509395659726592 244.8840954475876 0.042187918 -49.741826170029775 0.025050579 -0.18399109215839704 0.061670695 -0.5449229720233741 0.043932315 0.35882505488809213 0.05053074 nan nan 16.373215 333.5570067316641 0.3390169216079117 17.096458 15.512847 1.5836115 "IGR J16195-4945" "" "" 27.8 "" "" "" 16.0 "" "" ""
5940285090075838848 249.3055346035613 0.39509785 -50.72612789595593 0.28241113 0.6277619355737372 0.55667096 -4.122424253903569 0.38987854 1.6914701245789092 0.54304796 nan nan 19.783175 334.8023923852234 -2.383834775954468 20.951519 18.583153 2.3683662 "" "" "" "" "" "" "" "" "" "" ""
5940576971716473344 248.16638484576487 0.041116662 -49.70382899144433 0.026625697 -4.769279217690786 0.05356946 -6.12018935660893 0.037084665 -0.07756767678732146 0.050241254 nan nan 12.820149 335.06347356705464 -1.1557122758724598 15.312695 11.378886 3.9338083 "IGR J16327-4940" "" "" "" "" "" "" "" "" "" ""
5940777877435137024 247.95125817288326 0.13132824 -48.81687706740887 0.0885178 -4.366133479593785 0.1887052 -5.774239370792024 0.13030249 -0.21289890902543765 0.178002 nan nan 17.139793 335.6159688973277 -0.44775360639278583 21.760798 15.382354 6.3784437 "IGR J16318-4848" "" "" "" "" "" "" 80.09 0.012 "" ""
5943166184173519744 250.46160612338068 1.3305343 -45.540403360519775 0.65422994 -8.551346793903136 1.7982253 -5.318919221188635 1.1888338 0.9562030181651716 1.0759587 nan nan 20.419172 339.18890175141337 0.4889589642760968 21.689827 18.734789 2.955038 "" "" "" "" "" "" "" "" "" "" ""
5943246345430928512 251.64690161252628 0.015588409 -45.11796081034128 0.010345971 -1.7593910230172454 0.021738498 -3.0641449978293434 0.016207684 0.29609864232667726 0.01728741 nan nan 13.484344 340.0535299011336 0.13502926660407388 14.956766 12.313041 2.6437254 "IGR J16465-4507" "" "" 27.8 "" "" "" 30.24 "" 228.0 ""
5966213219190201856 255.105188622121 0.020666698 -42.31675095154189 0.014143427 1.1808321110237392 0.02952356 -1.4697065617940481 0.023353279 0.6405461879152953 0.022926293 nan nan 8.707157 343.8034017764549 -0.029940309902722347 9.097729 8.094566 1.0031624 "" "" "" "" "" "" "" "" "" "" ""
5976382915813535232 255.9865659301791 0.021049444 -37.8441202722809 0.012138224 2.4137032635492046 0.02806476 5.021949969731823 0.021347089 0.6327358617075665 0.025948899 nan nan 6.4204698 347.75444710988126 2.173492429913019 6.5759535 6.0885863 0.48736715 "4U 1700-377" 1.96 0.19 46.0 5.0 -60.0 10.0 3.41166 4e-06 "" ""
5980409632300781056 260.0246347466105 0.14206049 -31.283210647628042 0.09625773 -4.450374129916061 0.16434164 -4.677040280971733 0.11456925 -0.05451144161879737 0.16020228 nan nan 17.91213 355.0221182281025 3.3474131126407536 20.115522 16.507015 3.6085072 "" "" "" "" "" "" "" "" "" "" ""
6053076566300433920 183.31156879290245 0.012357388 -64.87513252303748 0.015193149 -5.95305662663964 0.015885808 0.449629791184431 0.020752924 0.26448691327892004 0.01766936 nan nan 13.976889 298.89007133029565 -2.303521643360621 14.39801 13.351908 1.0461025 "EXMS B1210-645" "" "" 9.6 "" -42.0 11.0 6.7 0.0005 "" ""
6054569565614460800 186.65645139154256 0.012048252 -62.77035949368261 0.013341482 -5.226856654124623 0.015758464 -2.0707848986747575 0.018766105 0.25062115141915803 0.015989607 nan nan 9.751056 300.0980601666885 -0.03521279949727996 11.023402 8.626958 2.3964443 "GX 301-2" "" "" 43.0 10.0 4.1 2.4 41.498 0.002 680.0 ""
6054778507172454912 188.50210227953616 0.045904923 -61.71761859192175 0.046307925 -5.117225288166624 0.05603682 0.9981333214208672 0.059727617 0.013984799250916106 0.06126882 nan nan 16.240847 300.868492644533 1.084281380369064 19.313553 14.732504 4.581049 "" "" "" "" "" "" "" "" "" "" ""
6055103928246312960 190.70931703328822 0.052880954 -63.05864217078729 0.05445249 -12.857201869803877 0.06959402 -3.6770768880918028 0.074046545 2.282573124548697 0.07652348 nan nan 5.1368504 301.9579033881775 -0.2031588592223847 5.317963 4.793645 0.5243182 "1H 1249-637" "" "" 9.6 "" 22.0 7.0 226.0 6.0 14200.0 1400.0
6060547335455660032 193.6534512999999 0.06200558 -57.168711407421895 0.080002375 -28.38602111310031 0.08820657 -10.446722229219034 0.11208842 8.266773469896965 0.116963275 nan nan 5.1472073 303.3645146851053 5.700370988443033 5.079194 5.1973467 -0.11815262 "" "" "" "" "" "" "" "" "" "" ""
