DATA/HMXB_all_errors_20250310.ecsv
# %ECSV 1.0
# ---
# datatype:
# - name: source_id
#   datatype: int64
#   description: Unique source identifier (unique within a particular Data Release)
#   meta: !!omap
#   - {ucd: meta.id}
# - name: ra
#   unit: deg
#   datatype: float64
#   description: Right ascension
#   meta: !!omap
#   - {ucd: pos.eq.ra;meta.main}
#   - {utype: 'stc:AstroCoords.Position3D.Value3.C1'}
#   - {CoosysSystem: ICRS}
#   - {CoosysEpoch: J2016.0}
# - name: ra_error
#   unit: mas
#   datatype: float32
#   description: Standard error of right ascension
#   meta: !!omap
#   - {ucd: stat.error;pos.eq.ra}
#   - {utype: 'stc:AstroCoords.Position3D.Error3.C1'}
# - name: dec
#   unit: deg
#   datatype: float64
#   description: Declination
#   meta: !!omap
#   - {ucd: pos.eq.dec;meta.main}
#   - {utype: 'stc:AstroCoords.Position3D.Value3.C2'}
#   - {CoosysSystem: ICRS}
#   - {CoosysEpoch: J2016.0}
# - name: dec_error
#   unit: mas
#   datatype: float32
#   description: Standard error of declination
#   meta: !!omap
#   - {ucd: stat.error;pos.eq.dec}
#   - {utype: 'stc:AstroCoords.Position3D.Error3.C2'}
# - name: pmra
#   unit: mas / yr
#   datatype: float64
#   description: Proper motion in right ascension direction
#   meta: !!omap
#   - {ucd: pos.pm;pos.eq.ra}
#   - {utype: 'stc:AstroCoords.Velocity3D.Value3.C1'}
# - name: pmra_error
#   unit: mas / yr
#   datatype: float32
#   description: Standard error of proper motion in right ascension direction
#   meta: !!omap
#   - {ucd: stat.error;pos.pm;pos.eq.ra}
#   - {utype: 'stc:AstroCoords.Velocity3D.Error3.C1'}
# - name: pmdec
#   unit: mas / yr
#   datatype: float64
#   description: Proper motion in declination direction
#   meta: !!omap
#   - {ucd: pos.pm;pos.eq.dec}
#   - {utype: 'stc:AstroCoords.Velocity3D.Value3.C2'}
# - name: pmdec_error
#   unit: mas / yr
#   datatype: float32
#   description: Standard error of proper motion in declination direction
#   meta: !!omap
#   - {ucd: stat.error;pos.pm;pos.eq.dec}
#   - {utype: 'stc:AstroCoords.Velocity3D.Error3.C2'}
# - name: l
#   unit: deg
#   datatype: float64
#   description: Galactic longitude
#   meta: !!omap
#   - {ucd: pos.galactic.lon}
#   - {utype: 'stc:AstroCoords.Position2D.Value2.C1'}
# - name: b
#   unit: deg
#   datatype: float64
#   description: Galactic latitude
#   meta: !!omap
#   - {ucd: pos.galactic.lat}
#   - {utype: 'stc:AstroCoords.Position2D.Value2.C2'}
# - name: parallax
#   unit: mas
#   datatype: float64
#   description: Parallax
#   meta: !!omap
#   - {ucd: pos.parallax.trig}
# - name: parallax_error
#   unit: mas
#   datatype: float32
#   description: Standard error of parallax
#   meta: !!omap
#   - {ucd: stat.error;pos.parallax.trig}
# - name: radial_velocity
#   unit: km / s
#   datatype: float32
#   description: Radial velocity
#   meta: !!omap
#   - {ucd: spect.dopplerVeloc.opt;em.opt.I}
#   - {utype: 'stc:AstroCoords.Velocity3D.Value3.C3'}
# - name: radial_velocity_error
#   unit: km / s
#   datatype: float32
#   description: Radial velocity error
#   meta: !!omap
#   - {ucd: stat.error;spect.dopplerVeloc.opt;em.opt.I}
#   - {utype: 'stc:AstroCoords.Velocity3D.Error3.C3'}
# - name: ra_dec_corr
#   datatype: float32
#   description: Correlation between right ascension and declination
#   meta: !!omap
#   - {ucd: stat.correlation}
# - name: ra_parallax_corr
[...]
# - {CAPTION: 'How to cite and acknowledge Gaia: https://gea.esac.esa.int/archive/documentation/credits.html'}
# - {CITATION: 'How to cite and acknowledge Gaia: https://gea.esac.esa.int/archive/documentation/credits.html'}
# - {JOBID: 1741611384894O}
# - {JOBNAME: HMXB_pm_errs}
# - {RELEASE: Gaia DR3}
# schema: astropy-2.0
source_id ra ra_error dec dec_error pmra pmra_error pmdec pmdec_error l b parallax parallax_error radial_velocity radial_velocity_error ra_dec_corr ra_parallax_corr ra_pmra_corr ra_pmdec_corr dec_parallax_corr dec_pmra_corr dec_pmdec_corr parallax_pmra_corr parallax_pmdec_corr pmra_pmdec_corr l_err b_err pm_l_err pm_b_err
168450545792009600 58.84615062234396 0.029553613 31.045836091857545 0.020791648 -1.282117252826291 0.053073816 -1.8690907560201113 0.030308086 163.0813533466715 -17.136203125538678 1.627402622661778 0.03745641 "" "" 0.3662112 -0.07753188 0.13016887 0.05914316 0.0660853 -0.20300315 0.55045575 -0.033873815 -0.08133612 -0.10817934 0.01924529710169995 0.013440536039086987 0.041711259271920674 0.01919914903743054
184497471323752064 80.64680481184236 0.025397874 37.6759929364201 0.019576473 1.3049449567151956 0.040826127 -3.9994793622028038 0.028048873 170.05338802722687 0.7103172589013076 0.7213697567669315 0.030094078 "" "" 0.07168572 -0.1320829 -0.05516597 0.13829422 -0.3502834 0.2258444 -0.23013908 -0.054533165 0.20384383 -0.34686586 0.01895825062018289 0.009913320421061531 0.03490076568936409 0.0174409206150625
252878401557369088 70.24720739300419 0.011905987 44.53034418647852 0.008385959 0.10064623612212906 0.016362276 -1.186127754569379 0.013658521 159.8470955000755 -1.2700235829277626 0.378823380551682 0.015042702 "" "" 0.2783554 0.016227439 -0.032811325 0.11025727 -0.14713606 0.100226946 -0.29885885 -0.14737408 0.19856639 0.2259299 0.008481063445007495 0.0039496270449074005 0.012358758869474226 0.006462285084643949
276644757710014976 64.92556123476727 0.012604313 55.999360679043434 0.008108321 -0.4735607216045463 0.018276569 -0.5096656032780096 0.013492867 149.17651611413766 4.133059262254314 0.2100882458297216 0.014864282 "" "" -0.092862636 0.14513537 -0.26051864 0.43650246 0.12442479 0.42111674 0.3067635 0.03414561 0.037483726 -0.070376225 0.011211768609447082 0.004575727049175133 0.016413155514623672 0.007103006869417609
414196617287885312 18.996040698840275 0.010982572 59.15394486765568 0.012779636 -2.4625832668630094 0.014893881 -0.546486466252775 0.016773285 126.08000772759438 -3.5676859152271287 0.3391933399322079 0.01803902 "" "" -0.34591636 0.0017582312 -0.052583814 -0.08909845 -0.014215352 -0.11608934 0.13279778 0.081863806 -0.016592175 -0.4539844 0.010861635719069056 0.007492080916920915 0.014805613735512323 0.010144365974226128
426558460884582016 14.177450998208093 1.8335997 60.71672280471204 2.3911946 "" "" "" "" 123.57698659515256 -2.1484240190698634 "" "" "" "" -0.9678336 "" "" "" "" "" "" "" "" "" nan nan nan nan
427234969757165952 9.290132580203235 0.008413794 61.36013319063004 0.009818237 -1.7956235405295953 0.010947091 -0.5251300483100196 0.013608978 121.22141620023214 -1.4641898756122689 0.27189066538368456 0.012059882 "" "" -0.32739583 0.02918749 -0.22107202 -0.052214455 0.055372022 -0.107205994 0.1801557 -0.10141262 0.13548768 -0.4566957 0.008142935743436382 0.005466216636097805 0.01054072897827693 0.007733189274152572
444752973131169664 53.749629724978455 0.013929484 53.17313997828423 0.012730369 -0.26805266659388 0.019742586 0.4401283844933388 0.019827945 146.05208942276994 -2.1940257086354467 0.13434727271763658 0.020151323 "" "" 0.20971818 -0.005720899 0.13218574 0.18849619 -0.10280389 0.19062153 0.35841373 -0.046225313 -0.11354743 0.2441036 0.011830081989862271 0.0061798544939952425 0.01664041909593133 0.009439213634819069
465628193526364416 40.91843191991435 0.0067567313 61.434377668355616 0.008564885 -0.7289798897496916 0.010312551 0.13432816094165279 0.011728739 135.93415668064728 1.4287879422071408 0.18150880543038156 0.011328216 "" "" 0.12017669 0.037732534 -0.3836904 -0.102821164 -0.054313846 -0.1415181 -0.18504156 0.081280276 -0.08204599 -0.012750877 0.00629270287142766 0.0038110059252098078 0.009873934224921678 0.005542897508987156
465645515129855872 40.131931264833995 0.007332206 61.22933050838676 0.009209115 -0.42343174759612834 0.011322314 -0.2555250178055092 0.011918911 135.6752737697255 1.0861251738760371 0.37764990611808313 0.012974979 "" "" 0.069917 -0.017486885 -0.4292199 -0.08662367 0.07223479 -0.12345221 -0.19535072 0.1736169 -0.13651909 -0.06038007 0.006920802665470591 0.004215247370009197 0.010907267069193831 0.005850582937265816
511220031584305536 26.750875487648646 0.011500537 61.356572911514526 0.013774355 -1.029427556881088 0.01621835 -0.08166309914192828 0.016919507 129.54110404226162 -0.8001119868579849 0.32796283875254345 0.021653285 "" "" -0.38125867 0.0079766 -0.13442774 0.03933749 -0.047937386 0.038706943 -0.21494974 -0.12880649 0.19611844 -0.56312644 0.011614669791115384 0.00759440228109904 0.016555104822638767 0.010050848681992335
518990967445248256 29.577032913394262 0.008842416 67.22318460660581 0.010229338 -1.1979575137021086 0.010899313 0.3002206665717444 0.013282542 129.3522357669255 5.1887233924182254 0.1332721013963377 0.013151252 "" "" -0.1595889 0.07740181 -0.24459305 0.0950956 -0.10750139 0.0927226 -0.08776458 -0.12642227 0.11551557 -0.19283783 0.008687019720280315 0.0045429953448122935 0.010768922367384477 0.005896394241272626
519352324516039680 23.95771733364349 0.0074431454 66.21202346679833 0.008329693 -1.6256635994947488 0.00863042 -0.02743521083805346 0.011114323 127.39442158128841 3.7256576059257593 0.1668629279602417 0.01096499 "" "" -0.17437226 0.2179797 -0.28448638 0.039405655 -0.15850048 0.024760805 0.0029985106 -0.091766685 0.104134455 -0.18753855 0.007298405346797074 0.0038956812073531496 0.008498332631651196 0.005074810774241822
524677469790488960 19.63319348306226 0.010895621 63.74252240557648 0.012050527 -1.6837604152272512 0.013374864 0.5035569322350394 0.016997673 125.92351442320867 1.0282648921450845 0.13630637395963652 0.016345192 "" "" -0.18927489 -0.044678807 -0.28939304 -0.10212146 -0.061609756 -0.076363765 -0.089289986 -0.10557072 0.12298285 -0.2567237 0.010670268540693093 0.006106107414402921 0.013175598125326638 0.008570131095468657
524924310153249920 19.511227046863358 0.0074612005 65.29162260285469 0.00889375 -1.2433985583085483 0.009154735 0.7606173957665759 0.011805355 125.70997540875491 2.563488419804798 0.1964171573898191 0.011268352 "" "" -0.11028388 -0.020801969 -0.118637554 -0.09109669 -0.060634203 -0.08331403 0.09737251 -0.043135297 0.1417764 -0.13135447 0.007281116645392427 0.004152896805295252 0.008950742105208907 0.005478267611619001
1978365123143522176 323.5848682806499 0.011234178 47.63337917570627 0.0112197 -2.2116582562207454 0.014625879 -2.55791755533225 0.0145529 92.17160730696891 -3.1176825605720886 0.08351192645368731 0.014160462 "" "" -0.023665523 0.2110257 -0.039596636 -0.06008802 0.18878946 -0.073983245 -0.04712637 -0.16571856 -0.08070788 -0.05149945 0.011115704796428458 0.006152359494680778 0.014293988718640866 0.008065946761981309
1979911002134040960 330.4091919702234 0.011207036 50.16795238313883 0.011057302 2.364625293266044 0.014718983 -0.2937024864956449 0.013353956 97.24776932144769 -4.041208697923339 0.8781947661310571 0.013396814 "" "" 0.020643074 0.032521456 -0.13032271 -0.17215702 0.017320657 -0.18337366 -0.16150616 -0.1743325 -0.017219348 0.018474285 0.011265632237932904 0.006125686709418155 0.01461224958935442 0.007509069833201229
1982359580155628160 340.73874140526055 0.0132412175 44.72172459979292 0.01429974 -3.4776109132211244 0.015737077 -3.1589986974648205 0.016737616 100.17544003164187 -12.398496666587082 0.485993229298655 0.018474221 "" "" -0.10324974 0.051706303 -0.46130472 -0.023388855 0.05868567 -0.041468214 -0.2764169 -0.09223591 -0.035235576 -0.16264287 0.012882582162557367 0.009824571260530688 0.014951792573067557 0.011738688014635741
2005653524280214400 331.98428755192987 0.012050482 54.518432170802825 0.011263556 -4.172517978480273 0.0151939755 -3.316562372366748 0.013615789 100.60324189142595 -1.1059224650682717 0.3050532500378427 0.013605253 "" "" -0.06263173 0.09249793 -0.36857253 -0.015840627 0.10814022 -0.03432447 -0.20560291 -0.0564364 0.10838603 -0.07177527 0.011726550513661987 0.005989686069167577 0.01469354835801458 0.007325491365767859
2021785421455305344 295.5465223645784 0.032075334 25.934890350462474 0.04769733 -1.953244017446547 0.042712506 -3.987108346450195 0.058592208 61.58010557440001 1.3548851543347347 0.019283663596520964 0.060263168 "" "" -0.08218689 0.047728088 -0.17988662 0.0426541 0.20133409 0.034252457 -0.10612233 -0.08457067 -0.058295265 -0.027396396 0.03996365613886813 0.02247377208991141 0.050985673303094635 0.02741401595925225
2026914849346539008 297.48094936995193 0.012892829 25.566594846422447 0.019209255 -2.3838963550775913 0.01785131 -5.145184250598648 0.027028784 62.13626690776949 -0.3368577763444705 0.11141137992886387 0.026741143 "" "" -0.16433355 0.090237565 -0.14731324 0.047946416 0.023538789 0.0613811 -0.13454992 -0.043991383 -0.14550553 -0.11123641 0.015489877756331224 0.0095908697099945 0.022255466335316353 0.013292228383419459
2028089540103670144 296.4139748795565 0.017021954 27.365399152475934 0.022254357 -2.4130254444730657 0.023112494 -4.043007630284439 0.028101064 63.207143530473964 1.3955652936534102 -0.008479247875940794 0.029170023 "" "" -0.104384385 0.014151693 -0.08188229 0.019889489 0.03670494 0.016551524 -0.088259324 -0.10287845 -0.030218627 -0.002967785 0.01882970353115765 0.010657697260222199 0.02537638601610215 0.013179325129750813
2031939548802102656 297.39783883472126 0.008815533 30.20880848740128 0.011791565 -2.26403288923693 0.011820588 -4.08907537104113 0.014689061 66.09896538287826 2.083585457599563 0.027654384165323034 0.01372901 "" "" -0.052173696 -0.042579856 0.04332822 0.007363719 -0.06384407 0.013327496 -0.33236733 -0.2704535 -0.044055957 -0.016926343 0.010093728349354073 0.005452924281284244 0.013056212530572224 0.006773512379953196
2033989790047905024 300.09104899633587 0.014430977 32.18973933161206 0.01737572 -2.850743997098801 0.020210294 -4.300169718523636 0.023098601 68.98602751827119 1.1341894069944143 0.06746486507910339 0.021092985 "" "" -0.1837801 -0.06244324 -0.10261648 0.024464667 0.1974077 0.018304015 -0.09219197 -0.01403339 -0.0365017 -0.19159879 0.01422626950715118 0.00863071917745351 0.019170065214352435 0.011589248397598123
2034031438383765760 298.92639832142635 0.016134035 32.096930318736355 0.021289147 -2.158047594075068 0.020837534 -6.0711257533713265 0.025808768 68.39194055158187 1.9268933031575586 0.2575299882811361 0.024460983 4.7357154 0.5058494 -0.094236955 0.014155885 -0.0683553 -0.08684326 0.18127105 -0.09865222 -0.27433488 -0.06841286 -0.1837579 -0.11375224 0.01780832309943098 0.00999114305797623 0.02179444607707419 0.012260598332925615
2059383668236814720 299.59029482904185 0.010937963 35.201578765113695 0.01300258 -3.812385175624448 0.014573607 -6.309893239635542 0.017452912 71.33495940203416 3.0668344499402203 0.44390196847449304 0.014949423 "" "" -0.1407248 -0.065376125 0.018097185 -0.15381882 0.074140586 -0.14617704 -0.17836937 0.04772878 -0.012111695 -0.15250795 0.010921211580319784 0.006037508032689127 0.014518838476238806 0.008121911123067425
2063791369815322752 308.0636268551211 0.06144416 37.63743239546562 0.0759506 -3.370917952976648 0.08323335 -5.400072973224192 0.09149153 77.15184001171907 -1.241801183457772 0.3418462523155139 0.08463053 "" "" -0.19676839 0.005964746 -0.11140417 0.062002227 0.17465818 0.030486623 -0.36377606 -0.14106683 -0.067421906 -0.17326292 0.0600317230427241 0.040275744833371104 0.07786574150148762 0.04915494628718434
2065653598916388352 314.6980582988151 0.011033155 41.776979685270454 0.012759363 -2.2095525666212845 0.015213015 -3.351196585258945 0.017332293 83.56987683360249 -2.655492481981887 0.07752894522296322 0.015234454 "" "" -0.14989983 -0.072420135 -0.21570799 -0.0067487503 0.2319527 -0.023185529 -0.14642818 -0.036824793 -0.033752784 -0.21764044 0.01067036609244835 0.007021525182788731 0.014057592163150941 0.009763198661506114
2067835682818358400 308.0546693559062 0.011941006 41.4567587500388 0.01462144 -2.8762382942769733 0.017133817 -0.9478946506888151 0.019980531 80.2238146279451 1.0278993456654848 0.5677534793686149 0.015594214 "" "" -0.22837587 -0.037062403 -0.24803655 0.04183806 0.23458031 0.015036988 -0.045177802 0.01994494 -0.17762308 -0.3139478 0.011314486681752414 0.007337229216907102 0.014986317748097779 0.010343644106774014
2070085317968809216 310.8277570377428 0.053237583 44.638891277204316 0.052057836 -2.6133344012162185 0.066138886 -4.23233099180295 0.07114926 83.98370959231536 1.3407233597302817 -0.021730849468608877 0.0633569 "" "" -0.05086173 0.1656158 -0.06399745 -0.03272186 0.06825847 -0.03298481 -0.07021781 -0.124290705 -0.095451966 -0.010571654 0.05131906095540101 0.025385243117662458 0.06704036081041553 0.033722867853291656
2083644392294059520 307.62850374937096 0.014208545 47.86406792934166 0.015089852 -2.7141040155086364 0.019856887 -4.536134376478879 0.018183656 85.23069069394988 5.047488517939756 0.41938547226134665 0.015947413 "" "" 0.16618037 0.14429957 -0.08985552 -0.19155641 0.25938362 -0.22857052 -0.3577149 -0.20955853 -0.13946086 0.14198749 0.015492059394979486 0.005953931970219422 0.02045324541060149 0.007339330098669993
2162805896614571904 315.8987696922526 0.010842505 45.751532832107685 0.010506174 -3.5054837830048067 0.013726339 -3.159757095149621 0.012575196 87.13025161063592 -0.6848018984801163 0.1308623368949642 0.0129473135 "" "" -0.010289334 0.2217553 -0.1300825 -0.15489163 0.19942217 -0.19330181 -0.26046467 -0.22126237 -0.05938947 -0.017944874 0.010669225264090781 0.0053789278595053605 0.01327674266303982 0.006523068915325547
2178178409188167296 324.87785209104953 0.011529865 56.98621852916199 0.011889285 -2.9640416014718474 0.014118381 -2.2040186769337904 0.014115204 99.01220859043599 3.3125256362962086 0.1048329214464288 0.012664483 "" "" -0.072220646 -0.0011943422 -0.18372189 -0.029593281 0.15752882 -0.044432923 -0.32282004 -0.066315986 0.060563058 -0.054499775 0.011282765257198481 0.005415896531628336 0.013852860204707272 0.006424667176408197
2201091578667140352 339.8368297959251 0.012457491 61.27405311885465 0.012111427 -2.344283875542537 0.015320877 -1.01527492097991 0.014133349 107.73443066473111 2.362332253415067 0.10398616408830161 0.013974317 "" "" -0.09820216 0.08474884 -0.06723273 -0.2045121 0.114356756 -0.2368585 -0.09640122 -0.1089149 0.13703202 -0.20203279 0.012105375526169164 0.005828259182478791 0.014519358237026473 0.00713483068699151
2207277877757956352 343.4796708776849 0.0151309585 62.726882349922974 0.016191678 -2.0222920919832523 0.019414423 -0.9491735730230428 0.021341369 109.92386340874582 2.861557411334844 0.05969510170980296 0.018092364 "" "" -0.19211347 -0.09731234 -0.15751308 -0.08148405 0.27915582 -0.08405189 -0.11971942 -0.05196046 0.030424008 -0.29067466 0.014450370104026186 0.007771294884779834 0.0181105839191103 0.01050071656786171
2935943990338336000 107.40407113202392 0.015638072 -16.09632779315406 0.016122777 -1.83557676140376 0.018114142 1.3651331368295974 0.017123654 229.3086037556084 -3.3634337760631268 0.3150511705299787 0.024213685 "" "" -0.3094095 0.44075778 -0.09774459 -0.013281718 -0.35175857 0.08183625 0.19818325 -0.00063745613 -0.16250797 -0.14621261 0.013184169475388984 0.008091731064126998 0.015179784668855228 0.008337846175074024
3052677318793446016 104.5720297066811 0.011529474 -7.209773385395211 0.011108977 -0.6378130521867398 0.015482978 1.255994695309955 0.01384412 220.12853955777865 -1.7672780916635629 0.15384849037023873 0.01513867 "" "" -0.12310232 0.1956139 0.20456745 0.12669425 -0.29199943 0.17327388 0.05270211 -0.13257338 -0.058188528 -0.03366017 0.009829108060165176 0.005606236382777771 0.012589269791827968 0.006864671207648758
3131755947406031104 98.82616381073139 0.011718217 5.551744844144263 0.012005568 -0.4194122332666873 0.013308586 0.40481488843078406 0.013038876 206.1527475102726 -1.0423267344157698 0.14244424425253302 0.014909007 "" "" -0.19974041 0.17185396 -0.13216464 0.079416335 -0.4620882 -0.0027154759 -0.31837666 0.07817006 0.29223552 -0.19024289 0.01064486635610454 0.00626950865047918 0.011561049121401249 0.006843545885835759
